#Title, #runnumber: 10 petrale15.dat petrale15.ctl 1034.2 30317 8373.61 StartTime: Tue Jul 12 13:13:34 2016
SSv3_default_rebuild.dat
# Number of sexes
2
# Age range to consider (minimum age; maximum age)
0 40
# Number of fleets
4
# First year of projection (Yinit)
2015
# First Year of rebuilding period (Ydecl)
2013
# Number of simulations
1000
# Maximum number of years
500
# Conduct projections with multiple starting values (0=No;else yes)
0
# Number of parameter vectors
1000
# Is the maximum age a plus-group (1=Yes;2=No)
1
# Generate future recruitments using historical recruitments (1)  historical recruits/spawner (2)  or a stock-recruitment (3)
3
# Constant fishing mortality (1) or constant Catch (2) projections
1
# Fishing mortality based on SPR (1) or actual rate (2)
1
# Pre-specify the year of recovery (or -1) to ignore
-1
# Fecundity-at-age
# 0 1 2 3 4 5 6 7 8 9 10 11 12 13 14 15 16 17 18 19 20 21 22 23 24 25 26 27 28 29 30 31 32 33 34 35 36 37 38 39 40 #runnumber: 10 petrale15.dat petrale15.ctl 1034.2 30317 8373.61
 0 0 0 0.000568668 0.0225126 0.147346 0.377767 0.62258 0.842701 1.04412 1.23514 1.41768 1.59077 1.75303 1.9035 2.04177 2.16781 2.28195 2.38661 2.48044 2.56422 2.63876 2.70488 2.76339 2.81503 2.86054 2.90058 2.93574 2.9666 2.99364 3.01732 3.03803 3.05615 3.07197 3.0858 3.09786 3.10839 3.11758 3.12559 3.13257 3.14327 #female fecundity; weighted by N in year Y_init across morphs and areas
# Age specific selectivity and weight adjusted for discard and discard mortality
 #wt and selex for gender,fleet: 1 1
 0.0024397 0.037849 0.157745 0.309359 0.473862 0.637818 0.796684 0.950003 1.09936 1.24728 1.39588 1.54563 1.69484 1.8404 1.97907 2.10845 2.22725 2.33613 2.43509 2.5237 2.6027 2.6729 2.73509 2.79006 2.83854 2.88123 2.91875 2.95169 2.98058 3.00588 3.02803 3.0474 3.06434 3.07913 3.09204 3.10332 3.11315 3.12173 3.12921 3.13573 3.14571
 0 1.2805e-008 8.89683e-006 0.000619127 0.00909424 0.0516122 0.160375 0.335226 0.535949 0.714173 0.843205 0.922326 0.964678 0.984991 0.993931 0.997623 0.999083 0.999589 0.999775 0.999869 0.999919 0.999947 0.999963 0.999974 0.99998 0.999985 0.999988 0.99999 0.999991 0.999993 0.999994 0.999994 0.999995 0.999995 0.999996 0.999996 0.999996 0.999996 0.999996 0.999997 0.999997
 #wt and selex for gender,fleet: 1 2
 0.0024397 0.0240357 0.092601 0.204465 0.349382 0.515359 0.692959 0.875351 1.05763 1.23623 1.40856 1.57278 1.72769 1.87256 2.00706 2.13109 2.24474 2.34983 2.44623 2.5328 2.61022 2.67919 2.74044 2.79467 2.84258 2.88481 2.92196 2.95461 2.98326 3.00837 3.03036 3.04961 3.06643 3.08113 3.09397 3.10517 3.11495 3.12348 3.13092 3.13741 3.14734
 0 0.000527306 0.00422893 0.0196985 0.0591464 0.130475 0.231409 0.351002 0.475263 0.592147 0.693903 0.777172 0.841942 0.890237 0.924999 0.949308 0.965925 0.976452 0.982957 0.987348 0.990359 0.992461 0.993956 0.99504 0.99584 0.996441 0.996899 0.997255 0.997534 0.997755 0.997934 0.998078 0.998196 0.998294 0.998375 0.998442 0.998499 0.998547 0.998587 0.998622 0.998673
 #wt and selex for gender,fleet: 1 3
 0.0024397 0.0272615 0.100754 0.209203 0.339573 0.481972 0.632974 0.794292 0.96712 1.14781 1.3295 1.506 1.67345 1.82981 1.97418 2.10631 2.22634 2.33568 2.43483 2.52353 2.60259 2.67282 2.73504 2.79002 2.83851 2.88121 2.91873 2.95168 2.98056 3.00587 3.02802 3.04739 3.06433 3.07912 3.09203 3.10331 3.11314 3.12172 3.1292 3.13572 3.14571
 0 0.000877363 0.0153907 0.0948288 0.28476 0.540833 0.765709 0.904996 0.969033 0.991749 0.998167 0.999653 0.999943 0.999991 0.999999 1 1 1 1 1 1 1 1 1 1 1 1 1 1 1 1 1 1 1 1 1 1 1 1 1 1
 #wt and selex for gender,fleet: 1 4
 0.0024397 0.0262949 0.0986451 0.208526 0.343454 0.492572 0.649606 0.81251 0.9817 1.15657 1.33357 1.50753 1.67393 1.82994 1.97422 2.10631 2.22634 2.33568 2.43483 2.52353 2.60259 2.67282 2.73504 2.79002 2.83851 2.88121 2.91873 2.95168 2.98056 3.00587 3.02802 3.04739 3.06433 3.07912 3.09203 3.10331 3.11314 3.12172 3.1292 3.13572 3.14571
 0 0.000861862 0.0121706 0.0702496 0.213681 0.427704 0.648823 0.819433 0.921991 0.971416 0.990985 0.997505 0.99938 0.999858 0.999969 0.999993 0.999999 1 1 1 1 1 1 1 1 1 1 1 1 1 1 1 1 1 1 1 1 1 1 1 1
 #wt and selex for gender,fleet: 2 1
 0.00257249 0.0194128 0.175631 0.286771 0.380229 0.459886 0.530344 0.596523 0.661332 0.724605 0.784311 0.838408 0.885791 0.926301 0.960376 0.988728 1.01214 1.03151 1.04746 1.06048 1.07108 1.07969 1.08668 1.09235 1.09694 1.10066 1.10367 1.10611 1.10807 1.10967 1.11095 1.11199 1.11283 1.11351 1.11406 1.1145 1.11486 1.11515 1.11538 1.11557 1.11579
 0 4.14791e-009 3.02985e-007 0.000420597 0.0177005 0.129646 0.371196 0.632753 0.816488 0.915913 0.962526 0.983031 0.991958 0.995938 0.997793 0.998707 0.999185 0.999423 0.999547 0.999628 0.999683 0.999722 0.99975 0.999771 0.999786 0.999798 0.999807 0.999814 0.999819 0.999824 0.999827 0.99983 0.999832 0.999834 0.999835 0.999836 0.999837 0.999838 0.999838 0.999839 0.999839
 #wt and selex for gender,fleet: 2 2
 0.00257249 0.0346971 0.123675 0.227472 0.331395 0.428597 0.517127 0.597009 0.669187 0.734542 0.793377 0.845603 0.891154 0.930221 0.963258 0.990891 1.01381 1.03287 1.04864 1.06152 1.07202 1.08055 1.08749 1.09311 1.09767 1.10137 1.10435 1.10677 1.10873 1.11031 1.11159 1.11262 1.11345 1.11413 1.11467 1.11511 1.11547 1.11575 1.11599 1.11617 1.11639
 0 2.21508e-008 3.93237e-005 0.00296702 0.0349939 0.147422 0.341706 0.55451 0.727316 0.842881 0.911538 0.949843 0.97073 0.98217 0.988575 0.992278 0.9945 0.995773 0.99652 0.997034 0.997396 0.997659 0.997853 0.997999 0.99811 0.998196 0.998262 0.998314 0.998355 0.998387 0.998413 0.998433 0.99845 0.998463 0.998473 0.998482 0.998488 0.998494 0.998498 0.998502 0.998506
 #wt and selex for gender,fleet: 2 3
 0.00257249 0.0490132 0.110156 0.165006 0.239313 0.336645 0.438996 0.536665 0.62591 0.705167 0.774091 0.833083 0.88296 0.924733 0.959459 0.988159 1.01177 1.03123 1.04724 1.06029 1.07091 1.07954 1.08655 1.09223 1.09683 1.10055 1.10357 1.106 1.10797 1.10957 1.11086 1.1119 1.11274 1.11342 1.11396 1.11441 1.11477 1.11505 1.11529 1.11548 1.1157
 0 6.99683e-006 0.0500082 0.594336 0.95056 0.997252 0.9999 0.999997 1 1 1 1 1 1 1 1 1 1 1 1 1 1 1 1 1 1 1 1 1 1 1 1 1 1 1 1 1 1 1 1 1
 #wt and selex for gender,fleet: 2 4
 0.00257249 0.0326328 0.102029 0.183993 0.267055 0.352414 0.444228 0.537887 0.626142 0.705207 0.774098 0.833084 0.882961 0.924734 0.959459 0.988159 1.01177 1.03123 1.04724 1.06029 1.07091 1.07954 1.08655 1.09223 1.09683 1.10055 1.10357 1.106 1.10797 1.10957 1.11086 1.1119 1.11274 1.11342 1.11396 1.11441 1.11477 1.11505 1.11529 1.11548 1.1157
 0 5.45837e-005 0.0128675 0.17875 0.565681 0.863295 0.971135 0.995238 0.999303 0.9999 0.999985 0.999997 0.999999 1 1 1 1 1 1 1 1 1 1 1 1 1 1 1 1 1 1 1 1 1 1 1 1 1 1 1 1
# M and current age-structure in year Yinit: 2015
 # gender = 1
 0.161582 0.161582 0.161582 0.161582 0.161582 0.161582 0.161582 0.161582 0.161582 0.161582 0.161582 0.161582 0.161582 0.161582 0.161582 0.161582 0.161582 0.161582 0.161582 0.161582 0.161582 0.161582 0.161582 0.161582 0.161582 0.161582 0.161582 0.161582 0.161582 0.161582 0.161582 0.161582 0.161582 0.161582 0.161582 0.161582 0.161582 0.161582 0.161582 0.161582 0.161582
 7881.76 6617.59 5370.49 4186.76 3255.68 3093.14 3278.23 3480.61 1911.19 1101.93 455.8 296.417 155.026 115.616 53.7824 26.6087 21.9157 12.1606 2.32451 1.2669 0.477691 0.315645 0.11324 0.0245792 0.0256733 0.010204 0.00464868 0.00126799 0.00028992 7.13695e-005 4.35617e-005 2.10292e-005 4.89927e-006 1.79098e-006 8.77819e-007 4.60228e-007 1.90052e-007 1.00192e-007 6.91944e-008 3.45174e-008 2.50369e-008
 # gender = 2
 0.172693 0.172693 0.172693 0.172693 0.172693 0.172693 0.172693 0.172693 0.172693 0.172693 0.172693 0.172693 0.172693 0.172693 0.172693 0.172693 0.172693 0.172693 0.172693 0.172693 0.172693 0.172693 0.172693 0.172693 0.172693 0.172693 0.172693 0.172693 0.172693 0.172693 0.172693 0.172693 0.172693 0.172693 0.172693 0.172693 0.172693 0.172693 0.172693 0.172693 0.172693
 7881.76 6544.47 5253.09 4049.54 3082.39 2871.27 2938.95 2886.74 1435.1 750.371 273.158 149.604 66.2265 44.0421 19.0637 9.02226 7.1746 3.81302 0.68257 0.346074 0.123874 0.0796946 0.0279915 0.00581118 0.00542653 0.00201096 0.00084391 0.000198443 4.04002e-005 9.94637e-006 6.86571e-006 3.77738e-006 1.00228e-006 4.0341e-007 2.26648e-007 1.30614e-007 5.34962e-008 2.73842e-008 1.89207e-008 9.52386e-009 6.98619e-009
# Age-structure at Ydeclare= 2013
 7420.18 5792.56 4535.68 4396.51 4853.95 5505.72 3299.39 2092.95 945.058 658.85 361.957 278.763 132.301 66.2612 54.9817 30.6465 5.87377 3.20617 1.21003 0.800043 0.287139 0.0623427 0.065131 0.0258906 0.0117963 0.00321787 0.000735797 0.000181139 0.000110566 5.33769e-005 1.24358e-005 4.5461e-006 2.22824e-006 1.16825e-006 4.82438e-007 2.54335e-007 1.75649e-007 8.76227e-008 3.28467e-008 1.56361e-008 1.50743e-008
 7420.18 5728.56 4436.51 4256.34 4655.88 5186.52 2970.18 1727.76 668.971 377.771 169.623 113.545 49.3015 23.3694 18.599 9.8892 1.77072 0.897913 0.321431 0.206807 0.0726411 0.0150812 0.0140833 0.00521907 0.00219025 0.000515036 0.000104855 2.58151e-005 1.78196e-005 9.80402e-006 2.60137e-006 1.04704e-006 5.88261e-007 3.39006e-007 1.38849e-007 7.10753e-008 4.91084e-008 2.47191e-008 9.29192e-009 4.44486e-009 4.39585e-009
# Year for Tmin Age-structure (set to Ydecl by SS)
2013
#  recruitment and biomass
# Number of historical assessment years
141
# Historical data
# year recruitment spawner in B0 in R project in R/S project
1875  1876 1877 1878 1879 1880 1881 1882 1883 1884 1885 1886 1887 1888 1889 1890 1891 1892 1893 1894 1895 1896 1897 1898 1899 1900 1901 1902 1903 1904 1905 1906 1907 1908 1909 1910 1911 1912 1913 1914 1915 1916 1917 1918 1919 1920 1921 1922 1923 1924 1925 1926 1927 1928 1929 1930 1931 1932 1933 1934 1935 1936 1937 1938 1939 1940 1941 1942 1943 1944 1945 1946 1947 1948 1949 1950 1951 1952 1953 1954 1955 1956 1957 1958 1959 1960 1961 1962 1963 1964 1965 1966 1967 1968 1969 1970 1971 1972 1973 1974 1975 1976 1977 1978 1979 1980 1981 1982 1983 1984 1985 1986 1987 1988 1989 1990 1991 1992 1993 1994 1995 1996 1997 1998 1999 2000 2001 2002 2003 2004 2005 2006 2007 2008 2009 2010 2011 2012 2013 2014 2015 #years (with first value representing R0)
17295.2 17295.7 17295.7 17295.8 17295.9 17296 17295.9 17295.8 17295.5 17295.1 17294.7 17294.2 17293.6 17293 17292.4 17291.7 17291.1 17290.4 17289.8 17289.2 17288.7 17288.2 17287.8 17287.5 17287.3 17287.3 17287.5 17287.8 17288.4 17289.2 17290.3 17291.8 17293.7 17296.1 17298.9 17302.3 17306.5 17311.3 17317.1 17323.7 17331.4 17340.2 17350.3 17359.7 17372.6 17388.7 17408.3 17428.9 17449.4 17472.1 17495.2 17520.6 17548.3 17576.1 17606.5 17638.4 17676.8 17724.6 17787.9 17884.8 18026.7 18258.8 18610.9 19046.8 19439.3 19467.9 18816.3 17631.2 16521.9 16134 16551.7 16605.6 15122.8 13441 12253 11862.5 12322.7 13336.8 13938.1 14261 14451.2 14491.5 14366 14103.6 14111.4 18854.5 17918.2 11425.4 12154.5 16944 15988.9 34490.5 14746.5 15264.3 13761.9 14754.6 14556.9 11607.7 9836.99 12537.1 12687.4 16140.8 15589.2 11137.5 10632.2 12891.2 11743.8 10529.8 11528.3 18379.4 13092.5 6995.76 9110.6 13296.4 17053.1 13715.1 13273.6 5207.97 10451 12832 8617.42 10249.1 8567.68 20775.4 17628.3 10232 10100.3 11027.9 8019.39 9042.3 8897.59 14699.1 18342.5 25162.8 18621.5 14291.7 12533.5 13616.8 14840.4 15556.2 15763.5  #recruits; first value is R0 (virgin)
30317  30317.2 30316.6 30316 30315.4 30315 30307.9 30294.5 30275.3 30250.8 30221.3 30187.4 30149.6 30108.2 30063.6 30016.3 29966.4 29914.4 29860.5 29804.9 29747.8 29689.4 29629.8 29569.2 29507.8 29445.7 29383 29319.7 29256 29191.9 29127.5 29062.9 28998.1 28933.1 28868.1 28803 28738 28673 28608.2 28543.6 28479.2 28415.2 28354.6 28212.9 28146.8 28146.1 28215.6 28246.1 28195.3 28147.2 28037.8 27940.1 27856.6 27713.9 27592.4 27429.8 27313.8 27203.3 27027.9 26854.4 26224 25652.8 25314.2 24668 23924.6 22958.9 22160.1 21627.1 20646.4 19733.4 19374.6 19176.5 18195.3 17568.9 16064.7 14622.6 13077.7 12510.9 12055.1 11759.7 11042.9 10473.1 10116 9457.78 8927.88 8728.9 8366.93 7724.01 7192.99 6692.28 6650.67 6829.37 6920.51 6830.01 6897.49 7159.67 7501.45 7961.13 8002.97 7988.36 7295.25 6521.74 5982.65 5612.88 4806.26 4023.35 3711.34 3563.12 3342.06 3171.15 3208.01 3246.91 3080.81 2678.51 2483.43 2353.23 2198.01 1792.15 1644.2 1780.76 2210.72 2601.75 2691.19 2552.8 2635.55 2847.61 2888.16 2906.82 3161.26 3860.85 4306.25 4113.19 4064.61 3768.52 3506.96 3180.69 3824.05 4921.74 6319 7551.24 8373.61 #spbio; first value is SPB_virgin (virgin)
1 0 0 0 0 0 0 0 0 0 0 0 0 0 0 0 0 0 0 0 0 0 0 0 0 0 0 0 0 0 0 0 0 0 0 0 0 0 0 0 0 0 0 0 0 0 0 0 0 0 0 0 0 0 0 0 0 0 0 0 0 0 0 0 0 0 0 0 0 0 0 0 0 0 0 0 0 0 0 0 0 0 0 0 0 0 0 0 0 0 0 0 0 0 0 0 0 0 0 0 0 0 0 0 0 0 0 0 0 0 0 0 0 0 0 0 0 0 0 0 0 0 0 0 0 0 0 0 0 0 0 0 0 0 0 0 0 0 0 0 0  # in Bzero
0 1 1 1 1 1 1 1 1 1 1 1 1 1 1 1 1 1 1 1 1 1 1 1 1 1 1 1 1 1 1 1 1 1 1 1 1 1 1 1 1 1 1 1 1 1 1 1 1 1 1 1 1 1 1 1 1 1 1 1 1 1 1 1 1 1 1 1 1 1 1 1 1 1 1 1 1 1 1 1 1 1 1 1 1 1 1 1 1 1 1 1 1 1 1 1 1 1 1 1 1 1 1 1 1 1 1 1 1 1 1 1 1 1 1 1 1 1 1 1 1 1 1 1 1 1 1 1 1 1 1 1 1 1 1 1 1 1  0 0 0 # in R project
0 1 1 1 1 1 1 1 1 1 1 1 1 1 1 1 1 1 1 1 1 1 1 1 1 1 1 1 1 1 1 1 1 1 1 1 1 1 1 1 1 1 1 1 1 1 1 1 1 1 1 1 1 1 1 1 1 1 1 1 1 1 1 1 1 1 1 1 1 1 1 1 1 1 1 1 1 1 1 1 1 1 1 1 1 1 1 1 1 1 1 1 1 1 1 1 1 1 1 1 1 1 1 1 1 1 1 1 1 1 1 1 1 1 1 1 1 1 1 1 1 1 1 1 1 1 1 1 1 1 1 1 1 1 1 1 1 1  0 0 0 # in R/S project
# Number of years with pre-specified catches
0
# catches for years with pre-specified catches go next
# Number of future recruitments to override
2
# Process for overiding (-1 for average otherwise index in data list)
2014 1 2014
2015 1 2015
# Which probability to product detailed results for (1=0.5; 2=0.6; etc.)
3
# Steepness sigma-R Auto-correlation
0.870836 0.4 0
# Target SPR rate (FMSY Proxy); manually change to SPR_MSY if not using SPR_target
0.3
# Discount rate (for cumulative catch)
0.1
# Truncate the series when 0.4B0 is reached (1=Yes)
0
# Set F to FMSY once 0.4B0 is reached (1=Yes)
0
# Maximum possible F for projection (-1 to set to FMSY)
-1
# Defintion of recovery (1=now only;2=now or before)
2
# Projection type
4
# Definition of the 40-10 rule
10 40
# Calculate coefficients of variation (1=Yes)
0
# Number of replicates to use
10
# Random number seed
-99004
# File with multiple parameter vectors 
rebuild.SSO
# User-specific projection (1=Yes); Output replaced (1->9)
0  5
# Catches and Fs (Year; 1/2/3 (F or C or SPR); value); Final row is -1
2015 1 1
-1 -1 -1
# Fixed catch project (1=Yes); Output replaced (1->9); Approach (-1=Read in else 1-9)
0 2 -1
# Split of Fs
2015  0.414145 0.346241 0.106698 0.132915
-1  1 1 1 1
# Yrs to define T_target for projection type 4 (a.k.a. 5 pre-specified inputs)
2020 2021 2022 2023 2024 
# Year for probability of recovery
2024 2025 2026 2027 2028 2029 2030 2031
# Time varying weight-at-age (1=Yes;0=No)
0
# File with time series of weight-at-age data
none
# Use bisection (0) or linear interpolation (1)
1
# Target Depletion
0.4
# CV of implementation error
0
