#Title, #runnumber: 10 petrale15.dat petrale15.ctl 1032.37 31795.7 8468.45 StartTime: Tue Jul 12 13:20:46 2016
SSv3_default_rebuild.dat
# Number of sexes
2
# Age range to consider (minimum age; maximum age)
0 40
# Number of fleets
4
# First year of projection (Yinit)
2015
# First Year of rebuilding period (Ydecl)
2013
# Number of simulations
1000
# Maximum number of years
500
# Conduct projections with multiple starting values (0=No;else yes)
0
# Number of parameter vectors
1000
# Is the maximum age a plus-group (1=Yes;2=No)
1
# Generate future recruitments using historical recruitments (1)  historical recruits/spawner (2)  or a stock-recruitment (3)
3
# Constant fishing mortality (1) or constant Catch (2) projections
1
# Fishing mortality based on SPR (1) or actual rate (2)
1
# Pre-specify the year of recovery (or -1) to ignore
-1
# Fecundity-at-age
# 0 1 2 3 4 5 6 7 8 9 10 11 12 13 14 15 16 17 18 19 20 21 22 23 24 25 26 27 28 29 30 31 32 33 34 35 36 37 38 39 40 #runnumber: 10 petrale15.dat petrale15.ctl 1032.37 31795.7 8468.45
 0 0 0 0.00072188 0.0212326 0.128378 0.340345 0.585516 0.810451 1.01415 1.20824 1.39651 1.57789 1.75051 1.91295 2.06433 2.20425 2.33265 2.45132 2.55893 2.65606 2.74345 2.8218 2.89184 2.9543 3.0099 3.0593 3.10311 3.14193 3.17627 3.20662 3.23342 3.25706 3.27791 3.29628 3.31246 3.3267 3.33924 3.35026 3.35996 3.37537 #female fecundity; weighted by N in year Y_init across morphs and areas
# Age specific selectivity and weight adjusted for discard and discard mortality
 #wt and selex for gender,fleet: 1 1
 0.00249658 0.0480978 0.180664 0.331381 0.481856 0.625534 0.764173 0.901612 1.04162 1.18735 1.34099 1.50272 1.66916 1.83365 1.99011 2.13573 2.26988 2.39339 2.50647 2.60876 2.70093 2.78371 2.85781 2.92397 2.98292 3.03533 3.08186 3.12311 3.15962 3.19191 3.22043 3.24561 3.26781 3.28739 3.30463 3.31981 3.33317 3.34493 3.35527 3.36436 3.3788
 0 2.08599e-008 1.52967e-005 0.000854651 0.0105543 0.0544167 0.163452 0.342878 0.558263 0.755273 0.89349 0.965968 0.992722 0.999061 0.999934 0.999998 1 1 1 1 1 1 1 1 1 1 1 1 1 1 1 1 1 1 1 1 1 1 1 1 1
 #wt and selex for gender,fleet: 1 2
 0.00249658 0.0246534 0.095791 0.206307 0.343994 0.498131 0.662178 0.832254 1.0057 1.18027 1.3538 1.5242 1.6895 1.84802 1.99844 2.13982 2.27156 2.39408 2.50678 2.60889 2.70098 2.78373 2.85782 2.92398 2.98292 3.03533 3.08186 3.12311 3.15962 3.19191 3.22043 3.24561 3.26781 3.28739 3.30463 3.31981 3.33317 3.34493 3.35527 3.36436 3.3788
 0 0.000611875 0.00467741 0.0212477 0.0623814 0.135824 0.239976 0.364907 0.496832 0.62268 0.732941 0.822547 0.890345 0.937953 0.968595 0.986223 0.99495 0.998288 0.999386 0.999784 0.999923 0.999971 0.999989 0.999995 0.999998 0.999999 0.999999 1 1 1 1 1 1 1 1 1 1 1 1 1 1
 #wt and selex for gender,fleet: 1 3
 0.00249658 0.0286975 0.10534 0.21055 0.331952 0.463383 0.605024 0.760397 0.931807 1.11572 1.3037 1.48827 1.66542 1.83308 1.99006 2.13573 2.26988 2.39339 2.50647 2.60876 2.70093 2.78371 2.85781 2.92397 2.98292 3.03533 3.08186 3.12311 3.15962 3.19191 3.22043 3.24561 3.26781 3.28739 3.30463 3.31981 3.33317 3.34493 3.35527 3.36436 3.3788
 0 0.00106207 0.0167391 0.0965937 0.280494 0.530624 0.759981 0.908601 0.97591 0.996049 0.999655 0.999987 1 1 1 1 1 1 1 1 1 1 1 1 1 1 1 1 1 1 1 1 1 1 1 1 1 1 1 1 1
 #wt and selex for gender,fleet: 1 4
 0.00249658 0.0279044 0.104219 0.211831 0.337952 0.474971 0.620704 0.776021 0.94272 1.12056 1.30489 1.48841 1.66542 1.83308 1.99006 2.13573 2.26988 2.39339 2.50647 2.60876 2.70093 2.78371 2.85781 2.92397 2.98292 3.03533 3.08186 3.12311 3.15962 3.19191 3.22043 3.24561 3.26781 3.28739 3.30463 3.31981 3.33317 3.34493 3.35527 3.36436 3.3788
 0 0.000884967 0.0123883 0.070587 0.212298 0.425434 0.651504 0.830726 0.937593 0.983883 0.997415 0.999786 0.999993 1 1 1 1 1 1 1 1 1 1 1 1 1 1 1 1 1 1 1 1 1 1 1 1 1 1 1 1
 #wt and selex for gender,fleet: 2 1
 0.00279896 0.0215205 0.197124 0.294738 0.376081 0.446035 0.509468 0.570692 0.632422 0.694704 0.755325 0.811628 0.86191 0.905624 0.942988 0.974582 1.0011 1.0234 1.04209 1.0576 1.07044 1.08105 1.0898 1.09702 1.10296 1.10785 1.11187 1.11518 1.11789 1.12012 1.12195 1.12345 1.12469 1.1257 1.12653 1.12721 1.12777 1.12823 1.1286 1.12891 1.1293
 0 4.32491e-009 1.21189e-006 0.000687841 0.0202417 0.131282 0.366927 0.630104 0.820647 0.92359 0.96967 0.988206 0.995332 0.998069 0.99915 0.999598 0.999794 0.999876 0.999912 0.999934 0.999948 0.999957 0.999963 0.999968 0.999971 0.999974 0.999976 0.999977 0.999978 0.999979 0.99998 0.99998 0.999981 0.999981 0.999981 0.999982 0.999982 0.999982 0.999982 0.999982 0.999982
 #wt and selex for gender,fleet: 2 2
 0.00279896 0.0435563 0.13765 0.234149 0.32824 0.416162 0.497304 0.572028 0.641094 0.705154 0.764315 0.81819 0.866311 0.908474 0.944828 0.975789 1.00192 1.02401 1.04258 1.058 1.07078 1.08135 1.09007 1.09726 1.10319 1.10806 1.11207 1.11537 1.11808 1.1203 1.12213 1.12363 1.12486 1.12587 1.1267 1.12738 1.12794 1.12839 1.12877 1.12908 1.12946
 0 4.52007e-008 7.32651e-005 0.00364691 0.0361403 0.143559 0.330249 0.541966 0.720776 0.843552 0.916682 0.956478 0.977111 0.987637 0.993048 0.995896 0.997445 0.998238 0.998657 0.99893 0.999115 0.999243 0.999336 0.999404 0.999454 0.999493 0.999523 0.999546 0.999564 0.999578 0.99959 0.999599 0.999606 0.999612 0.999617 0.999621 0.999624 0.999627 0.999629 0.999631 0.999633
 #wt and selex for gender,fleet: 2 3
 0.00279896 0.0566495 0.115359 0.164462 0.23262 0.322786 0.419198 0.512644 0.599465 0.677955 0.747482 0.808112 0.860344 0.904911 0.942649 0.97441 1.00101 1.02335 1.04205 1.05757 1.07041 1.08102 1.08978 1.097 1.10294 1.10784 1.11186 1.11516 1.11788 1.12011 1.12194 1.12344 1.12468 1.12569 1.12652 1.1272 1.12776 1.12822 1.12859 1.1289 1.12929
 0 2.9594e-005 0.0796781 0.614943 0.946715 0.996617 0.999872 0.999997 1 1 1 1 1 1 1 1 1 1 1 1 1 1 1 1 1 1 1 1 1 1 1 1 1 1 1 1 1 1 1 1 1
 #wt and selex for gender,fleet: 2 4
 0.00279896 0.0385567 0.110874 0.186225 0.261777 0.340042 0.425236 0.514073 0.599719 0.677992 0.747487 0.808113 0.860345 0.904911 0.942649 0.97441 1.00101 1.02335 1.04205 1.05757 1.07041 1.08102 1.08978 1.097 1.10294 1.10784 1.11186 1.11516 1.11788 1.12011 1.12194 1.12344 1.12468 1.12569 1.12652 1.1272 1.12776 1.12822 1.12859 1.1289 1.12929
 0 9.79436e-005 0.0179549 0.18745 0.551445 0.845596 0.964616 0.994015 0.999177 0.9999 0.999989 0.999999 1 1 1 1 1 1 1 1 1 1 1 1 1 1 1 1 1 1 1 1 1 1 1 1 1 1 1 1 1
# M and current age-structure in year Yinit: 2015
 # gender = 1
 0.157921 0.157921 0.157921 0.157921 0.157921 0.157921 0.157921 0.157921 0.157921 0.157921 0.157921 0.157921 0.157921 0.157921 0.157921 0.157921 0.157921 0.157921 0.157921 0.157921 0.157921 0.157921 0.157921 0.157921 0.157921 0.157921 0.157921 0.157921 0.157921 0.157921 0.157921 0.157921 0.157921 0.157921 0.157921 0.157921 0.157921 0.157921 0.157921 0.157921 0.157921
 7860.95 6645.8 5435.55 4263.96 2896.37 2497.5 2881.2 3630.22 2066.34 1178.46 658.363 363.96 190.436 120.111 64.3192 29.6808 25.656 14.8293 3.63516 1.74726 0.655682 0.485204 0.191246 0.0440325 0.0415378 0.0232079 0.0100992 0.00307036 0.000758615 0.000199185 0.000120799 6.74898e-005 1.7345e-005 6.26056e-006 3.17497e-006 1.78462e-006 7.86884e-007 4.11824e-007 2.91645e-007 1.5607e-007 1.20611e-007
 # gender = 2
 0.167197 0.167197 0.167197 0.167197 0.167197 0.167197 0.167197 0.167197 0.167197 0.167197 0.167197 0.167197 0.167197 0.167197 0.167197 0.167197 0.167197 0.167197 0.167197 0.167197 0.167197 0.167197 0.167197 0.167197 0.167197 0.167197 0.167197 0.167197 0.167197 0.167197 0.167197 0.167197 0.167197 0.167197 0.167197 0.167197 0.167197 0.167197 0.167197 0.167197 0.167197
 7860.95 6584.44 5336.28 4143.97 2761.13 2341.05 2624.92 3106.09 1629.35 858.13 432.97 207.041 92.9272 52.3871 26.2993 11.7705 9.95948 5.55276 1.28777 0.586197 0.212997 0.155967 0.0609354 0.0135718 0.0115009 0.00598822 0.00241614 0.000646673 0.000143581 3.71315e-005 2.49794e-005 1.56378e-005 4.50187e-006 1.75805e-006 1.00198e-006 6.05e-007 2.61779e-007 1.32099e-007 9.33378e-008 5.06277e-008 4.03027e-008
# Age-structure at Ydeclare= 2013
 7455.32 5856.42 4004.9 3519.65 4218.06 5648.71 3486.63 2176.64 1324 783.195 429.015 278.025 151.101 70.2745 60.9829 35.3084 8.66037 4.16335 1.56244 1.15622 0.455734 0.104929 0.0989841 0.0553041 0.0240663 0.00731663 0.00180777 0.000474656 0.000287863 0.000160827 4.13329e-005 1.49188e-005 7.5659e-006 4.25273e-006 1.87513e-006 9.81371e-007 6.94985e-007 3.71914e-007 1.44407e-007 7.12223e-008 7.17853e-008
 7455.32 5802.34 3931.73 3426.02 4074.22 5375.47 3198.6 1861.04 996.687 490.926 223.271 126.58 63.7004 28.5409 24.1621 13.4748 3.12541 1.42278 0.516996 0.37858 0.147912 0.0329439 0.0279174 0.014536 0.00586505 0.00156977 0.000348537 9.01355e-005 6.06367e-005 3.79605e-005 1.09282e-005 4.26763e-006 2.43229e-006 1.46863e-006 6.35464e-007 3.20668e-007 2.26576e-007 1.22898e-007 4.83507e-008 2.41238e-008 2.53598e-008
# Year for Tmin Age-structure (set to Ydecl by SS)
2013
#  recruitment and biomass
# Number of historical assessment years
141
# Historical data
# year recruitment spawner in B0 in R project in R/S project
1875  1876 1877 1878 1879 1880 1881 1882 1883 1884 1885 1886 1887 1888 1889 1890 1891 1892 1893 1894 1895 1896 1897 1898 1899 1900 1901 1902 1903 1904 1905 1906 1907 1908 1909 1910 1911 1912 1913 1914 1915 1916 1917 1918 1919 1920 1921 1922 1923 1924 1925 1926 1927 1928 1929 1930 1931 1932 1933 1934 1935 1936 1937 1938 1939 1940 1941 1942 1943 1944 1945 1946 1947 1948 1949 1950 1951 1952 1953 1954 1955 1956 1957 1958 1959 1960 1961 1962 1963 1964 1965 1966 1967 1968 1969 1970 1971 1972 1973 1974 1975 1976 1977 1978 1979 1980 1981 1982 1983 1984 1985 1986 1987 1988 1989 1990 1991 1992 1993 1994 1995 1996 1997 1998 1999 2000 2001 2002 2003 2004 2005 2006 2007 2008 2009 2010 2011 2012 2013 2014 2015 #years (with first value representing R0)
17196 17196.5 17196.5 17196.6 17196.7 17196.8 17196.8 17196.7 17196.5 17196.2 17195.9 17195.4 17195 17194.5 17194 17193.5 17193 17192.5 17192 17191.6 17191.2 17190.9 17190.7 17190.6 17190.6 17190.8 17191.1 17191.7 17192.5 17193.6 17194.9 17196.7 17198.8 17201.4 17204.6 17208.3 17212.6 17217.8 17223.7 17230.6 17238.4 17247.2 17257.3 17266.8 17279.2 17294.5 17312.7 17331.6 17350 17370 17389.9 17411.5 17434.8 17458.1 17483.3 17509.4 17541.1 17584.3 17642.2 17733 17891.7 18168.1 18574.7 19065 19458.4 19353.5 18563.7 17431.3 16507.4 16267 16562.2 16194 14546.1 12958.8 11974.4 11753.2 12272 13293.9 14053 14454.7 14441.8 14200.7 14013 14002.5 14239.3 18758.5 17711.7 11529.3 12416.6 17519.9 16372.8 33704.9 14254.8 15074.2 13845 14858.8 14473.6 11731 9984.59 12955.1 13037.7 16535.5 15392.1 11090.9 11026 12960.5 11465.4 10439.7 12234.9 18723 12254.7 7079.67 9379.09 13777.5 17213.2 15723.5 11754.6 5519.15 11187.6 13302.9 8421.11 10535.7 10371.7 20207.4 16811.8 9425.29 10103.1 9767.87 8619.31 9976.32 11810.5 14715.8 18867.8 25310.5 15941.8 11315.9 10986 13716.6 14910.6 15565.5 15721.9  #recruits; first value is R0 (virgin)
31795.7  31795.9 31795.3 31794.7 31794.2 31793.7 31786.5 31772.9 31753.4 31728.4 31698.3 31663.5 31624.7 31582 31536.1 31487.1 31435.5 31381.5 31325.5 31267.7 31208.2 31147.4 31085.1 31021.8 30957.7 30892.7 30827.1 30760.8 30694 30626.9 30559.3 30491.5 30423.5 30355.3 30287 30218.7 30150.4 30082.1 30014 29946.1 29878.4 29811 29747.2 29601.3 29531.4 29527.7 29595.3 29624.1 29571.1 29520.9 29408.5 29307.5 29220.4 29073 28946.2 28777.1 28654.1 28535.2 28348.1 28160.2 27507.8 26911.6 26546.9 25866.9 25084.9 24072.7 23226 22648.4 21610.6 20644.3 20246.5 20013.8 18988.7 18337.4 16805.8 15341.7 13752 13135.4 12625.5 12287.1 11530.8 10928.6 10542.7 9853.74 9302.41 9087.61 8697.37 8011.04 7434.49 6896.63 6812.83 6947.77 7031.67 6964.55 7050.37 7321.65 7597.06 7992.87 8023.08 8010.45 7312.52 6531.2 5998.52 5647.16 4853.85 4079.65 3766.54 3604.52 3370.38 3202.52 3240.18 3273.05 3102.9 2706.87 2509.08 2368.97 2219.65 1825.78 1681.97 1818.18 2274.95 2693.99 2798.08 2671.84 2760.79 2984.39 3043.03 3102.56 3362.67 4001.51 4387.23 4150.04 4053.52 3724.02 3498.34 3296.14 4062.51 5238.23 6640.92 7797.62 8468.45 #spbio; first value is SPB_virgin (virgin)
1 0 0 0 0 0 0 0 0 0 0 0 0 0 0 0 0 0 0 0 0 0 0 0 0 0 0 0 0 0 0 0 0 0 0 0 0 0 0 0 0 0 0 0 0 0 0 0 0 0 0 0 0 0 0 0 0 0 0 0 0 0 0 0 0 0 0 0 0 0 0 0 0 0 0 0 0 0 0 0 0 0 0 0 0 0 0 0 0 0 0 0 0 0 0 0 0 0 0 0 0 0 0 0 0 0 0 0 0 0 0 0 0 0 0 0 0 0 0 0 0 0 0 0 0 0 0 0 0 0 0 0 0 0 0 0 0 0 0 0 0  # in Bzero
0 1 1 1 1 1 1 1 1 1 1 1 1 1 1 1 1 1 1 1 1 1 1 1 1 1 1 1 1 1 1 1 1 1 1 1 1 1 1 1 1 1 1 1 1 1 1 1 1 1 1 1 1 1 1 1 1 1 1 1 1 1 1 1 1 1 1 1 1 1 1 1 1 1 1 1 1 1 1 1 1 1 1 1 1 1 1 1 1 1 1 1 1 1 1 1 1 1 1 1 1 1 1 1 1 1 1 1 1 1 1 1 1 1 1 1 1 1 1 1 1 1 1 1 1 1 1 1 1 1 1 1 1 1 1 1 1 1  0 0 0 # in R project
0 1 1 1 1 1 1 1 1 1 1 1 1 1 1 1 1 1 1 1 1 1 1 1 1 1 1 1 1 1 1 1 1 1 1 1 1 1 1 1 1 1 1 1 1 1 1 1 1 1 1 1 1 1 1 1 1 1 1 1 1 1 1 1 1 1 1 1 1 1 1 1 1 1 1 1 1 1 1 1 1 1 1 1 1 1 1 1 1 1 1 1 1 1 1 1 1 1 1 1 1 1 1 1 1 1 1 1 1 1 1 1 1 1 1 1 1 1 1 1 1 1 1 1 1 1 1 1 1 1 1 1 1 1 1 1 1 1  0 0 0 # in R/S project
# Number of years with pre-specified catches
0
# catches for years with pre-specified catches go next
# Number of future recruitments to override
2
# Process for overiding (-1 for average otherwise index in data list)
2014 1 2014
2015 1 2015
# Which probability to product detailed results for (1=0.5; 2=0.6; etc.)
3
# Steepness sigma-R Auto-correlation
0.880166 0.4 0
# Target SPR rate (FMSY Proxy); manually change to SPR_MSY if not using SPR_target
0.3
# Discount rate (for cumulative catch)
0.1
# Truncate the series when 0.4B0 is reached (1=Yes)
0
# Set F to FMSY once 0.4B0 is reached (1=Yes)
0
# Maximum possible F for projection (-1 to set to FMSY)
-1
# Defintion of recovery (1=now only;2=now or before)
2
# Projection type
4
# Definition of the 40-10 rule
10 40
# Calculate coefficients of variation (1=Yes)
0
# Number of replicates to use
10
# Random number seed
-99004
# File with multiple parameter vectors 
rebuild.SSO
# User-specific projection (1=Yes); Output replaced (1->9)
0  5
# Catches and Fs (Year; 1/2/3 (F or C or SPR); value); Final row is -1
2015 1 1
-1 -1 -1
# Fixed catch project (1=Yes); Output replaced (1->9); Approach (-1=Read in else 1-9)
0 2 -1
# Split of Fs
2015  0.412942 0.343094 0.108626 0.135338
-1  1 1 1 1
# Yrs to define T_target for projection type 4 (a.k.a. 5 pre-specified inputs)
2020 2021 2022 2023 2024 
# Year for probability of recovery
2024 2025 2026 2027 2028 2029 2030 2031
# Time varying weight-at-age (1=Yes;0=No)
0
# File with time series of weight-at-age data
none
# Use bisection (0) or linear interpolation (1)
1
# Target Depletion
0.4
# CV of implementation error
0
