#Title, #runnumber: 27 darkblotched_data.SS darkblotched_control.SS 3850.45 2.41685e+009 8.92822e+008 StartTime: Thu Mar 21 20:48:46 2013
SSv3_default_rebuild.dat
# Number of sexes
2
# Age range to consider (minimum age; maximum age)
0 45
# Number of fleets
1
# First year of projection (Yinit)
2011
# First Year of rebuilding period (Ydecl)
2001
# Number of simulations
1000
# Maximum number of years
500
# Conduct projections with multiple starting values (0=No;else yes)
0
# Number of parameter vectors
1000
# Is the maximum age a plus-group (1=Yes;2=No)
1
# Generate future recruitments using historical recruitments (1)  historical recruits/spawner (2)  or a stock-recruitment (3)
3
# Constant fishing mortality (1) or constant Catch (2) projections
1
# Fishing mortality based on SPR (1) or actual rate (2)
1
# Pre-specify the year of recovery (or -1) to ignore
-1
# Fecundity-at-age
# 0 1 2 3 4 5 6 7 8 9 10 11 12 13 14 15 16 17 18 19 20 21 22 23 24 25 26 27 28 29 30 31 32 33 34 35 36 37 38 39 40 41 42 43 44 45 #runnumber: 27 darkblotched_data.SS darkblotched_control.SS 3850.45 2.41685e+009 8.92822e+008
 0 0 0.116638 6.37344 153.015 1813.7 10396.7 30598.6 58714 88101.4 114702 137374 156354 172218 185510 196668 206040 213909 220507 226032 230651 234507 237721 240397 242622 244471 246005 247278 248334 249208 249933 250533 251029 251440 251780 252062 252295 252487 252646 252778 252887 252977 253051 253113 253164 253225 #female fecundity; weighted by N in year Y_init across morphs and areas
# Age specific selectivity and weight adjusted for discard and discard mortality
 #wt and selex for gender,fleet: 1 1
 0.00648704 0.0418662 0.112612 0.220417 0.366904 0.498343 0.611883 0.715979 0.815934 0.910836 0.997541 1.07439 1.14125 1.19872 1.24774 1.28929 1.32435 1.35381 1.37851 1.39915 1.41638 1.43072 1.44266 1.45258 1.46081 1.46764 1.47331 1.478 1.48189 1.4851 1.48777 1.48997 1.4918 1.49331 1.49456 1.49559 1.49644 1.49715 1.49773 1.49822 1.49862 1.49895 1.49922 1.49945 1.49963 1.49986
 0 0.102127 0.102443 0.11805 0.236868 0.506937 0.774747 0.922098 0.976943 0.993434 0.998016 0.9993 0.999681 0.999804 0.999847 0.999864 0.99987 0.999874 0.999875 0.999876 0.999876 0.999877 0.999877 0.999877 0.999877 0.999877 0.999877 0.999877 0.999877 0.999877 0.999877 0.999877 0.999877 0.999877 0.999877 0.999877 0.999877 0.999877 0.999877 0.999877 0.999877 0.999877 0.999877 0.999877 0.999877 0.999877
 #wt and selex for gender,fleet: 2 1
 0.00714345 0.0454238 0.117918 0.221928 0.355103 0.471503 0.567203 0.64869 0.719951 0.783072 0.838308 0.885646 0.925477 0.958544 0.985737 1.00795 1.026 1.04063 1.05244 1.06196 1.06962 1.07578 1.08073 1.08469 1.08787 1.09042 1.09247 1.0941 1.09541 1.09646 1.0973 1.09797 1.09851 1.09894 1.09928 1.09956 1.09978 1.09996 1.1001 1.10021 1.1003 1.10037 1.10043 1.10048 1.10051 1.10055
 0 0.102127 0.10251 0.117951 0.220726 0.444856 0.684658 0.84713 0.930785 0.968453 0.984811 0.992077 0.99548 0.997182 0.998092 0.998611 0.998924 0.999122 0.999252 0.999342 0.999405 0.99945 0.999484 0.999509 0.999528 0.999542 0.999554 0.999562 0.999569 0.999575 0.999579 0.999582 0.999585 0.999587 0.999589 0.99959 0.999591 0.999592 0.999593 0.999593 0.999594 0.999594 0.999594 0.999594 0.999595 0.999595
# M and current age-structure in year Yinit: 2011
 # gender = 1
 0.07 0.07 0.07 0.07 0.07 0.07 0.07 0.07 0.07 0.07 0.07 0.07 0.07 0.07 0.07 0.07 0.07 0.07 0.07 0.07 0.07 0.07 0.07 0.07 0.07 0.07 0.07 0.07 0.07 0.07 0.07 0.07 0.07 0.07 0.07 0.07 0.07 0.07 0.07 0.07 0.07 0.07 0.07 0.07 0.07 0.07
 1270.38 1171.91 360.864 2072.79 708.945 715.653 866.259 768.483 521.678 249.958 250.974 1204.53 992.551 152.499 299.618 156.053 404.401 116.426 34.0002 42.2888 50.2955 30.0486 8.34345 84.323 60.2742 17.4139 14.0909 11.8081 7.98992 8.98847 24.0407 25.1458 21.6363 6.38022 3.55632 6.60938 9.58853 5.91883 5.34349 4.82519 4.35928 3.92438 3.52483 3.20518 2.88224 24.9546
 # gender = 2
 0.07 0.07 0.07 0.07 0.07 0.07 0.07 0.07 0.07 0.07 0.07 0.07 0.07 0.07 0.07 0.07 0.07 0.07 0.07 0.07 0.07 0.07 0.07 0.07 0.07 0.07 0.07 0.07 0.07 0.07 0.07 0.07 0.07 0.07 0.07 0.07 0.07 0.07 0.07 0.07 0.07 0.07 0.07 0.07 0.07 0.07
 1270.38 1171.91 360.864 2072.78 708.946 716.019 868.31 772.149 525.068 251.846 252.976 1214.13 1000.99 154.001 303.205 158.402 412.228 119.429 35.2255 44.2229 52.795 31.5279 8.747 88.4131 63.1436 18.2417 14.7943 12.4136 8.40144 9.45735 25.2545 26.3165 22.5441 6.61614 3.67088 6.79205 9.81159 6.0353 5.43203 4.89257 4.41545 3.97573 3.57347 3.25283 2.92651 25.3266
# Age-structure at Ydeclare= 2001
 574.14 2831.98 2391.52 378.642 771.477 416.745 1107.74 322.756 94.6504 117.87 140.236 83.7907 23.2665 235.145 168.082 48.5611 39.2944 32.9285 22.281 25.0656 67.0409 70.1226 60.3358 17.7921 9.9173 18.4312 26.7389 16.5055 14.9011 13.4557 12.1565 10.9437 9.82947 8.93808 8.03754 7.25602 6.46345 5.79571 5.03739 4.21795 3.49713 2.9857 2.65027 2.40926 2.20993 27.0665
 574.14 2831.98 2391.52 378.639 771.48 417.355 1115.62 328.329 97.5849 122.932 146.985 87.838 24.378 246.454 176.033 50.8577 41.2481 34.6114 23.4252 26.3697 70.4172 73.3789 62.8605 18.4481 10.2357 18.9387 27.3583 16.8286 15.1465 13.6423 12.3119 11.0858 9.96417 9.07014 8.16022 7.36099 6.54578 5.86965 5.13397 4.34863 3.63885 3.10275 2.72783 2.45579 2.23856 27.1975
# Year for Tmin Age-structure (set to Ydecl by SS)
2001
#  recruitment and biomass
# Number of historical assessment years
99
# Historical data
# year recruitment spawner in B0 in R project in R/S project
1914  1915 1916 1917 1918 1919 1920 1921 1922 1923 1924 1925 1926 1927 1928 1929 1930 1931 1932 1933 1934 1935 1936 1937 1938 1939 1940 1941 1942 1943 1944 1945 1946 1947 1948 1949 1950 1951 1952 1953 1954 1955 1956 1957 1958 1959 1960 1961 1962 1963 1964 1965 1966 1967 1968 1969 1970 1971 1972 1973 1974 1975 1976 1977 1978 1979 1980 1981 1982 1983 1984 1985 1986 1987 1988 1989 1990 1991 1992 1993 1994 1995 1996 1997 1998 1999 2000 2001 2002 2003 2004 2005 2006 2007 2008 2009 2010 2011 2012 #years (with first value representing R0)
2916.43  2916.43 2916.43 2916.34 2916.19 2916.04 2915.96 2915.96 2915.89 2915.82 2915.75 2915.77 2915.68 2915.56 2915.47 2915.37 2915.27 2915.16 2915.02 2914.96 2914.9 2914.86 2914.79 2914.77 2914.75 2914.7 2914.61 2914.45 2914.23 2913.98 2912.75 2909.95 2904.97 2902.07 2899.77 2898.67 2897.91 2897.11 2896.15 2895.17 2894.52 2893.65 2892.49 2890.65 2888.35 2886.61 2885.38 2883.67 2882.23 2880.6 2878.81 2878.05 2875.26 2829.77 2786.93 2746.06 2746.52 2747.13 2745.43 2743.05 2734.98 3961.16 2421.99 1146.9 1789.15 5203.42 5121.16 4084.5 1253.6 905.025 1084.08 1044.58 1046.25 2931.25 3345.83 269.699 786.341 1066.48 724.516 465.522 1301.28 3809.69 1268.77 2127.78 951.575 5553.18 6074.65 1148.28 1037.89 1968.56 2637.18 2716.97 2063.23 1892.21 5143.97 832.871 2513.78 2540.76 2573 #recruits; first value is R0 (virgin)
2.41685e+009  2.41685e+009 2.41685e+009 2.41578e+009 2.41407e+009 2.41231e+009 2.41131e+009 2.41142e+009 2.41058e+009 2.40978e+009 2.40893e+009 2.40919e+009 2.40816e+009 2.40676e+009 2.40564e+009 2.40455e+009 2.40335e+009 2.40211e+009 2.40052e+009 2.39979e+009 2.39912e+009 2.39858e+009 2.39784e+009 2.39763e+009 2.39737e+009 2.39682e+009 2.39572e+009 2.39392e+009 2.39142e+009 2.38849e+009 2.3745e+009 2.34328e+009 2.28947e+009 2.25924e+009 2.23571e+009 2.22467e+009 2.2171e+009 2.20911e+009 2.19968e+009 2.19009e+009 2.18375e+009 2.17535e+009 2.16427e+009 2.14693e+009 2.12547e+009 2.10953e+009 2.09842e+009 2.08317e+009 2.07043e+009 2.05623e+009 2.04081e+009 2.03434e+009 2.0109e+009 1.688e+009 1.46017e+009 1.28916e+009 1.29089e+009 1.29317e+009 1.28678e+009 1.27796e+009 1.24875e+009 1.24441e+009 1.24127e+009 1.2345e+009 1.25509e+009 1.26916e+009 1.26e+009 1.26197e+009 1.24932e+009 1.20932e+009 1.16235e+009 1.10224e+009 1.02406e+009 9.97739e+008 8.90403e+008 8.2101e+008 7.61881e+008 6.57566e+008 5.82458e+008 5.4949e+008 4.89609e+008 4.58509e+008 4.29683e+008 3.97473e+008 3.54071e+008 2.99042e+008 2.86616e+008 2.81658e+008 2.96698e+008 3.20349e+008 3.54099e+008 3.95702e+008 4.64474e+008 5.45576e+008 6.21493e+008 6.88335e+008 7.41721e+008 7.83487e+008 8.38626e+008 #spbio; first value is SPB_virgin (virgin)
1 0 0 0 0 0 0 0 0 0 0 0 0 0 0 0 0 0 0 0 0 0 0 0 0 0 0 0 0 0 0 0 0 0 0 0 0 0 0 0 0 0 0 0 0 0 0 0 0 0 0 0 0 0 0 0 0 0 0 0 0 0 0 0 0 0 0 0 0 0 0 0 0 0 0 0 0 0 0 0 0 0 0 0 0 0 0 0 0 0 0 0 0 0 0 0 0 0 0  # in Bzero
0 1 1 1 1 1 1 1 1 1 1 1 1 1 1 1 1 1 1 1 1 1 1 1 1 1 1 1 1 1 1 1 1 1 1 1 1 1 1 1 1 1 1 1 1 1 1 1 1 1 1 1 1 1 1 1 1 1 1 1 1 1 1 1 1 1 1 1 1 1 1 1 1 1 1 1 1 1 1 1 1 1 1 1 1 1 1 1 1 1 1 1 1 1 1 1  0 0 0 # in R project
0 1 1 1 1 1 1 1 1 1 1 1 1 1 1 1 1 1 1 1 1 1 1 1 1 1 1 1 1 1 1 1 1 1 1 1 1 1 1 1 1 1 1 1 1 1 1 1 1 1 1 1 1 1 1 1 1 1 1 1 1 1 1 1 1 1 1 1 1 1 1 1 1 1 1 1 1 1 1 1 1 1 1 1 1 1 1 1 1 1 1 1 1 1 1 1  0 0 0 # in R/S project
# Number of years with pre-specified catches
0
# catches for years with pre-specified catches go next
# Number of future recruitments to override
10
# Process for overiding (-1 for average otherwise index in data list)
2002 1 2002
2003 1 2003
2004 1 2004
2005 1 2005
2006 1 2006
2007 1 2007
2008 1 2008
2009 1 2009
2010 1 2010
2011 1 2011
# Which probability to product detailed results for (1=0.5; 2=0.6; etc.)
3
# Steepness sigma-R Auto-correlation
0.779 0.8 0
# Target SPR rate (FMSY Proxy); manually change to SPR_MSY if not using SPR_target
0.5
# Discount rate (for cumulative catch)
0.1
# Truncate the series when 0.4B0 is reached (1=Yes)
0
# Set F to FMSY once 0.4B0 is reached (1=Yes)
0
# Maximum possible F for projection (-1 to set to FMSY)
-1
# Defintion of recovery (1=now only;2=now or before)
2
# Projection type
4
# Definition of the 40-10 rule
10 40
# Calculate coefficients of variation (1=Yes)
0
# Number of replicates to use
10
# Random number seed
-99004
# File with multiple parameter vectors 
rebuild.SSO
# User-specific projection (1=Yes); Output replaced (1->9)
0  5
# Catches and Fs (Year; 1/2/3 (F or C or SPR); value); Final row is -1
2012 1 1
-1 -1 -1
# Fixed catch project (1=Yes); Output replaced (1->9); Approach (-1=Read in else 1-9)
0 2 -1
# Split of Fs
2011  1
-1  1
# Yrs to define T_target for projection type 4 (a.k.a. 5 pre-specified inputs)
2018 2019 2020 2021 2022 
# Year for probability of recovery
2022 2023 2024 2025 2026 2027 2028 2029
# Time varying weight-at-age (1=Yes;0=No)
0
# File with time series of weight-at-age data
none
# Use bisection (0) or linear interpolation (1)
1
# Target Depletion
0.4
# CV of implementation error
0
