# **************************************************************
#  Chilipepper rockfish .dat file
#  final model from June 2007 STAR Panel
#  SS2 Version 2.00c by_Richard_Methot_(NOAA);_using_Otter_Research_ADMB_7.0.1
# **************************************************************
#
# Revised to use new SS3 model
#

1892	#_start year
2012	#_end year
1		#_number of seasons per year
12		# vector with N months in each season
1		#_spawning occurs at the beginning of this season
4		#_number of fishing fleets
6		#_number of surveys
1		#_N_areas

# string containing names for all fisheries and
# surveys, delimited by the % character
trawl%hookline%setnet%rec%triennial%combined%juv%juvenile%juv2%ghost

# fraction of season elapsed before CPUE measured or survey conducted
0.5	0.5	0.5	0.5	0.5	0.5	0.5	0.1	0.5	0.5		#_Catch or survey timing_in_season
1	1	1	1	1	1	1	1	1	1 		#_area_assignments_for_each_fishery_and_survey

# Fishery information
1		1       1		1		#_units of catch:  1=bio; 2=num
0.05	0.05	0.05	0.05	#_se of log(catch) only used for init_eq_catch and for Fmethod 2 and 3; use -1 for discard only fleets

2	# number of genders
21	# accumulator age

#_initial equilibrium catch for each fishery
0	0	0	0	# init equil

121		#_N_lines_of_catch_to_read
#trawl	hook.line	setnet	recreational		
11	206	0	0	1892	1
10	195	0	0	1893	1
10	183	0	0	1894	1
9	171	0	0	1895	1
9	162	0	0	1896	1
8	152	0	0	1897	1
8	143	0	0	1898	1
7	133	0	0	1899	1
8	147	0	0	1900	1
8	161	0	0	1901	1
9	176	0	0	1902	1
10	190	0	0	1903	1
11	204	0	0	1904	1
11	218	0	0	1905	1
12	232	0	0	1906	1
13	246	0	0	1907	1
14	260	0	0	1908	1
15	292	0	0	1909	1
17	325	0	0	1910	1
19	358	0	0	1911	1
21	390	0	0	1912	1
22	423	0	0	1913	1
24	455	0	0	1914	1
26	488	0	0	1915	1
28.86	694.83	0	0	1916	1
44.84	1104.04	0	0	1917	1
52.47	1123.49	0	0	1918	1
36.51	722.48	0	0	1919	1
37.23	760.66	0	0	1920	1
30.73	646.96	0	0	1921	1
26.43	598.27	0	0	1922	1
28.55	732.43	0	0	1923	1
16.42	763.79	0	0	1924	1
13.48	864.75	0	0	1925	1
40.31	1149.06	0	0	1926	1
73.78	943.18	0	0	1927	1
94.7	903.91	0	1.73	1928	1
112.01	855.24	0	3.46	1929	1
117.2	973.19	0	4.17	1930	1
80.45	1079.43	0	5.55	1931	1
95.61	733.51	0	6.94	1932	1
146.24	508.41	0	8.33	1933	1
140.92	553.22	0	9.72	1934	1
125.66	617.27	0	11.11	1935	1
133.36	422.47	0	12.22	1936	1
161.54	341.48	0	16.33	1937	1
136.39	334.8	0	15.46	1938	1
141.24	388.17	0	13.47	1939	1
111.67	363.62	0	16.83	1940	1
86.55	328	0	15.55	1941	1
22.44	147.05	0	8.26	1942	1
233.7	139.8	0	7.9	1943	1
878.61	216.29	0	6.49	1944	1
1852.83	421.93	0	8.65	1945	1
1445.58	298.17	0	14.89	1946	1
935.13	364.1	0	17.17	1947	1
562.03	404.97	0	40.72	1948	1
725.82	353.72	0	52.73	1949	1
963.53	446.11	0	54.85	1950	1
1177.06	500.41	0	55.93	1951	1
885.53	258.65	0	62.16	1952	1
1118.92	248.53	0	59.79	1953	1
965.36	311.76	0	101.01	1954	1
1508.65	414	0	140.43	1955	1
1155.92	300.92	0	162.88	1956	1
1640.19	335.63	0	130.25	1957	1
1450.82	372.02	0	130.19	1958	1
1243.68	297.44	0	93.84	1959	1
1191.18	424.67	0	97.26	1960	1
653.35	346.45	0	82.47	1961	1
555.56	377.53	0	94.67	1962	1
1157.15	502.58	0	80.01	1963	1
913.16	418.89	0	105.14	1964	1
986.63	407.54	0	116.56	1965	1
2025.99	320.03	0	183.29	1966	1
2602.08	285.98	0	193.61	1967	1
1421.98	193.67	0	202.41	1968	1
708.53	43.55	0	207.55	1969	1
843.29	40.28	0	279.41	1970	1
726.58	50.44	0	237.85	1971	1
1077.91	78.54	0	284.23	1972	1
2494.42	72.58	0	362.34	1973	1
2843.4	110.49	0	437.45	1974	1
2421.96	86.62	0	397.98	1975	1
2415.36	123.37	0	373.03	1976	1
1867.8	100.66	0	324.21	1977	1
1292.87	194.95	25.83	313.73	1978	1
2003.15	230.73	54.19	448.1	1979	1
2744.26	95.87	45.38	255.89	1980	1
2317.83	139.13	71.28	272.22	1981	1
1690.53	356.35	85.42	389.02	1982	1
1881.55	80.23	345.21	162.08	1983	1
2449.75	98.1	231.04	155.19	1984	1
1808.16	278.99	738.69	391.4	1985	1
1269.64	330.88	1161.46	394.75	1986	1
1314.05	172.61	461.11	117.27	1987	1
1782.41	333.47	289.36	384.63	1988	1
2365.6	425.58	361.37	285.69	1989	1
2331.2	232.12	372.77	219.9	1990	1
2242.12	618.32	332.08	154.1	1991	1
1335.89	1052.67	296.72	88.31	1992	1
1296.02	860.86	232.91	22.51	1993	1
1276.62	484.99	107.71	21.43	1994	1
1603.88	324.9	94.05	10.87	1995	1
1535.38	254.23	57.67	32.84	1996	1
1619.77	339.29	82.97	73.64	1997	1
1141.27	208.84	77.62	7.28	1998	1
839.31	104.18	9.67	24.51	1999	1
536.08	50.6	6.11	39.21	2000	1
435.87	25.18	4.9	51.87	2001	1
300.73	6.22	0.42	12.62	2002	1
20.33	0.25	0.05	0.01	2003	1
145	2	0	6	2004	1
76	3	0	6	2005	1
124.3	0	0	1.6	2006	1
125	4	0	8	2007	1
145	0	0	3	2008	1
314.8	0.6	0	2.1	2009	1
394.12	0.18	0	2.79	2010	1
325.32	0.71	0	5.02	2011	1
298.45	1.17	0	7.74	2012	1

# Abundance indices
54	# number of observations

#_Units:  0=numbers; 1=biomass; 2=F
#_Errtype:  -1=normal; 0=lognormal; >0=T
#_Fleet Units Errtype
1 1 0
2 1 0
3 1 0
4 1 0
5 1 0
6 1 0
7 1 0
8 1 0
9 1 0
10 0 0

#year	season	type	value	SD
1980	1	1	249	0.25
1981	1	1	150	0.25
1982	1	1	121	0.25
1983	1	1	116	0.25
1984	1	1	91	0.25
1985	1	1	88	0.25
1986	1	1	76	0.25
1987	1	1	116	0.25
1988	1	1	158	0.25
1989	1	1	172	0.25
1990	1	1	149	0.25
1991	1	1	146	0.25
1992	1	1	109	0.25
1993	1	1	80	0.25
1994	1	1	112	0.25
1995	1	1	126	0.25
1996	1	1	96	0.25
#
# triennial GLM tuned				
1980	1	5	3954.37	1.625
1983	1	5	1994.42	0.613
1986	1	5	1166.33	1.213
1989	1	5	2400.58	0.300
1992	1	5	368.77	0.581
1995	1	5	1545.10	0.264
1998	1	5	945.46	0.341
2001	1	5	806.63	0.285
2004	1	5	2157.54	0.254

#NWC combo survey glm tuned		
#2003	1	6	3932	0.61654
#2004	1	6	24559	1.19248
#2005	1	6	9540	0.4466
#2006	1	6	7384	0.40252
#new.index
2004	    1	    6	82412.810	    0.649
2006	    1	    6	52903.224	    0.596
2008	    1	    6	26080.750	    0.542
2010	    1	    6	22638.108	    0.581
2012	    1	    6	37529.604	    0.622

# juvenile survey- FED
#year	season	type	value	SD
#2001	1	8	1.7161	0.0401
#2002	1	8	2.7629	0.0451
#2003	1	8	1.5719	0.0367
#2004	1	8	2.9379	0.0360
#2005	1	8	0.8658	0.0346
#2006	1	8	0.7523	0.0301

# juvenile survey- FED
#year	season	type	value	SD
2001	1	8	2.25776	0.48388
2002	1	8	5.21742	0.48574
2003	1	8	2.35769	0.44485
2004	1	8	3.63883	0.35855
2005	1	8	1.3791	0.36056
2006	1	8	1.51723	0.36088
2007	1	8	1.38526	0.38096
2008	1	8	1.8446	0.39339
2009	1	8	2.79921	0.40496
2010	1	8	5.86269	0.56904
2012	1	8	2.73777	0.58768

#
#
# CalCOFI survey
#year	season	type	Index	CV
# rec cpue 
#year	season	type	index	jack.cv
1987	1	10	0.166856206	0.1631351
1988	1	10	0.083010716	0.1794928
1989	1	10	0.054122438	0.1633441
1990	1	10	0.031462634	0.4267126
1991	1	10	0.040173333	0.3545357
1992	1	10	0.064866103	0.5545214
1993	1	10	0.026517113	0.2333201
1994	1	10	0.023850668	0.2796596
1995	1	10	0.024610012	0.4197283
1996	1	10	0.015093027	0.4449115
1997	1	10	0.008328447	0.3430329
1998	1	10	0.006612019	0.421573


# 	DISCARD BIOMASS currently I have no discard data
0	#_1=biomass(mt) discarded; 2=fraction of total catch discarded
0	#_number of observations
#

#_MEAN BODY WEIGHT
#_----------------
0	#_number of observations
30	#_DF_for_meanbodywt_T-distribution_like
1	# length bin method: 1=use databins; 2=generate from width, min,max below; 3=read nbins, then vector
#

# COMPOSITION CONDITIONERS
# ------------------------
-1	# negative value causes no compression
0.0001	#_constant added to proportions at length & age (renormalized to sum to 1 after constant is added)
0	#_combine males into females at or below this bin number
#

#_LENGTH COMPOSITION
#_------------------
#_vector containing lower edge of length bins
19	#_number of length bins
16	18	20	22	24	26	28	30	32	34	36	38	40	42	44	46	48	50	52

# note: new SS3 reading error if nsample is negative, use negative year in new SS3
129	#_number of lines of length comp observations

#
# Trawl fishery		Females first, then males				females																			males																		
#year	season	type 	gender 	partition	# samples	16	18	20	22	24	26	28	30	32	34	36	38	40	42	44	46	48	50	52	16	18	20	22	24	26	28	30	32	34	36	38	40	42	44	46	48	50	52
# LFs seemed to differ between aged and unaged comps- so LFs turned off
1978	1	1	3	0	147	0.00022	0	0	0.01818	0.00388	0.00229	0.00744	0.01194	0.04564	0.05786	0.04806	0.05182	0.07637	0.10655	0.05257	0.04429	0.07482	0.01717	0.01018	0	0	0	0.00021	0.00069	0.00102	0.01447	0.05906	0.18275	0.04776	0.04849	0.01021	0.00039	0	0.00018	0.00121	0	0.00429	0
1979	1	1	3	0	110	0	0	0.00049	0	0.00004	0.00132	0.02087	0.0092	0.01246	0.04269	0.03287	0.03745	0.1193	0.066	0.17126	0.10614	0.08089	0.00735	0.00528	0	0	0	0	0.00041	0.00095	0.00821	0.04017	0.0724	0.06751	0.05974	0.03585	0.00011	0.00001	0.0008	0	0.00008	0.00017	0
1980	1	1	3	0	191	0	0	0.00039	0	0	0.00349	0.00287	0.0041	0.02768	0.05072	0.06043	0.1232	0.09582	0.10987	0.08439	0.07823	0.03707	0.0149	0.00063	0	0	0	0	0.00342	0.00256	0.00799	0.03147	0.08474	0.09921	0.04584	0.01837	0.00273	0.00223	0.00025	0.00042	0.0066	0.00008	0.0003
1981	1	1	3	0	125	0	0	0	0	0	0.00088	0.00667	0.00529	0.01266	0.01064	0.09861	0.2005	0.09316	0.10213	0.0487	0.07159	0.04917	0.00273	0.00009	0	0	0	0	0	0.00064	0.00026	0.04874	0.11222	0.12205	0.0119	0.00084	0.00005	0.00046	0	0.00002	0	0	0
1982	1	1	3	0	195	0	0	0	0.00035	0.00022	0.00067	0.00525	0.01354	0.01678	0.0125	0.06505	0.08043	0.13048	0.18373	0.15391	0.076	0.03757	0.01085	0.00174	0	0	0	0.00078	0.00005	0.00359	0.00727	0.02841	0.07633	0.06915	0.02099	0.00408	0.00023	0.00006	0	0	0	0	0
1983	1	1	3	0	275	0	0	0	0	0.0002	0.00113	0.00338	0.01176	0.01812	0.01728	0.02633	0.03683	0.13454	0.20614	0.14642	0.11552	0.07491	0.02504	0.00759	0	0	0	0.00004	0.0001	0.00066	0.00736	0.03449	0.03921	0.05539	0.02184	0.00391	0.00018	0.00244	0.00191	0.00005	0.00001	0.00007	0.00715
1984	1	1	3	0	305	0	0	0	0.00003	0.00006	0.00369	0.00333	0.01501	0.05746	0.08824	0.16352	0.06524	0.10441	0.07823	0.06725	0.04769	0.02093	0.00477	0.0017	0.00002	0	0	0	0.00009	0.00102	0.02879	0.03878	0.0771	0.06447	0.05422	0.00792	0.00032	0.00166	0.00061	0.00242	0.00049	0.00052	0.00002
1985	1	1	3	0	338	0	0	0	0.001	0.00035	0.00128	0.00832	0.02207	0.04019	0.06271	0.08883	0.11605	0.06376	0.05989	0.07079	0.04972	0.02535	0.00534	0.00193	0	0	0	0.00009	0.00011	0.00232	0.01902	0.06599	0.10678	0.1175	0.04632	0.01314	0.00603	0.00042	0.00045	0.00138	0.0015	0.00138	0
1986	1	1	3	0	219	0.00044	0.0001	0	0.00022	0.00009	0.00458	0.00832	0.02425	0.0379	0.0594	0.07245	0.09209	0.07529	0.05696	0.07571	0.06683	0.03424	0.03705	0.00078	0	0.00004	0	0.00093	0.0034	0.00564	0.01592	0.09321	0.10176	0.06953	0.03448	0.01659	0.00662	0.00095	0	0.0018	0.00244	0	0
1987	1	1	3	0	211	0.00016	0	0.00012	0.00003	0.00189	0.01545	0.07235	0.16683	0.09549	0.04457	0.03733	0.04516	0.04761	0.04209	0.0179	0.00896	0.00521	0.00057	0.00056	0	0	0	0	0.00112	0.04064	0.1188	0.06182	0.08213	0.06136	0.02295	0.00782	0.00086	0.00019	0.00001	0.00001	0	0	0
1988	1	1	3	0	199	0	0	0	0	0.00003	0.01118	0.03265	0.08052	0.0893	0.10642	0.08444	0.01661	0.03359	0.05067	0.02813	0.01291	0.00676	0.00425	0.0009	0	0	0	0.00003	0.00014	0.04746	0.12885	0.10265	0.08427	0.0428	0.03387	0.00139	0	0.00016	0.00001	0	0	0	0
1989	1	1	3	0	183	0.00007	0	0	0	0.00207	0.00491	0.0133	0.01524	0.05436	0.09059	0.13372	0.17294	0.02935	0.01437	0.01396	0.00704	0.00758	0.00131	0	0	0	0	0.00096	0.00612	0.00994	0.0414	0.15366	0.12776	0.06141	0.03496	0.00173	0.00017	0.00098	0	0.00009	0	0	0
1990	1	1	3	0	204	0.00001	0	0.00006	0	0.00355	0.00738	0.03629	0.04755	0.04567	0.04607	0.06876	0.14846	0.10491	0.043	0.03709	0.00822	0.00432	0.00119	0.00018	0	0	0	0	0.00195	0.02245	0.05403	0.08982	0.12547	0.04891	0.04953	0.004	0.00087	0	0.00021	0	0.00002	0.00005	0
1991	1	1	3	0	208	0.00017	0	0.0005	0.00091	0.00456	0.01515	0.02599	0.05384	0.08291	0.06996	0.06904	0.07213	0.07997	0.04056	0.03088	0.01192	0.0107	0.00363	0.00104	0	0	0.00015	0.00013	0.00662	0.01265	0.05956	0.10457	0.13979	0.06707	0.02766	0.00608	0.00157	0	0.00009	0	0.0002	0	0
1992	1	1	3	0	132	0	0	0	0.00005	0.00405	0.0288	0.05881	0.09328	0.08427	0.06824	0.04726	0.07089	0.06935	0.07266	0.04536	0.03254	0.02026	0.00379	0	0	0	0.00001	0.00008	0.00384	0.02468	0.03734	0.0624	0.08162	0.05922	0.01503	0.00609	0.00293	0.00213	0.00284	0.00075	0.00142	0	0
1993	1	1	3	0	126	0	0.00012	0.00001	0.00064	0.00864	0.01402	0.05882	0.16809	0.08456	0.08385	0.08023	0.05142	0.04641	0.04061	0.02042	0.00764	0.00506	0.00094	0	0	0	0	0.00203	0.00957	0.06125	0.11245	0.07924	0.04639	0.01194	0.00498	0.00006	0	0	0	0	0	0.0006	0
1994	1	1	3	0	117	0	0	0	0	0.00167	0.0112	0.02259	0.02581	0.04153	0.06489	0.1126	0.06874	0.07034	0.05595	0.05194	0.02649	0.01075	0.00073	0.0009	0	0	0	0	0.00184	0.04468	0.08946	0.12132	0.0972	0.06042	0.01519	0.0029	0.00021	0.00068	0	0	0	0	0
1995	1	1	3	0	114	0	0	0	0.00035	0.00078	0.00111	0.00893	0.03026	0.05741	0.05007	0.08525	0.12008	0.09374	0.06827	0.0388	0.02381	0.00884	0.00242	0.00119	0.00175	0	0	0.00205	0	0.01412	0.03783	0.08782	0.14094	0.0774	0.03078	0.00468	0.00073	0.00171	0.00223	0.0049	0	0	0.00175
1996	1	1	3	0	116	0	0	0	0.00033	0.00445	0.03196	0.08891	0.08369	0.0443	0.04167	0.05217	0.04535	0.06299	0.06357	0.01947	0.01333	0.00335	0.00023	0.00019	0	0	0	0.00168	0.01966	0.10183	0.10599	0.06959	0.07843	0.0509	0.01033	0.00186	0.00194	0.0005	0.00132	0	0	0	0
1997	1	1	3	0	136	0	0	0	0.00077	0.00202	0.00216	0.02881	0.12925	0.10512	0.03317	0.02917	0.05403	0.05664	0.04962	0.04472	0.01526	0.00855	0.0007	0.00001	0	0	0	0.0033	0.00045	0.06268	0.14975	0.09977	0.06919	0.02845	0.01467	0.00857	0.0001	0.00137	0.00127	0.00042	0	0	0
# 
1998	1	1	3	0	123	0	0	0	0	0.00397	0.01444	0.0224	0.03925	0.06226	0.09141	0.0686	0.06555	0.07515	0.05957	0.04919	0.03089	0.00886	0.00108	0.0018	0	0	0	0	0.04411	0.01694	0.06933	0.12133	0.08988	0.03285	0.02736	0.00183	0.00042	0.0005	0.00085	0.00014	0.00003	0.00001	0
1999	1	1	3	0	84	0.00047	0.00112	0	0	0.00036	0.00233	0.03304	0.08849	0.0807	0.03665	0.06671	0.08052	0.05581	0.07201	0.05503	0.04537	0.01173	0.00715	0.00016	0	0	0	0	0.00011	0.03147	0.08443	0.10657	0.07571	0.04674	0.01023	0.00673	0	0.00002	0.00035	0	0	0	0
2000	1	1	3	0	50	0	0	0	0.00228	0.00019	0.00019	0.00928	0.01157	0.02875	0.05166	0.05578	0.11252	0.10642	0.09753	0.11272	0.08519	0.03014	0.00908	0.00308	0.00002	0	0	0.00031	0	0.01031	0.02243	0.0715	0.0666	0.07021	0.0207	0.01719	0.0016	0.00051	0.00101	0.00089	0.00033	0	0
2001	1	1	3	0	58	0	0	0	0.0083	0.01993	0.00771	0.01187	0.01642	0.03758	0.0536	0.05483	0.06074	0.05892	0.10988	0.03332	0.05608	0.0312	0.0132	0.05663	0	0	0	0.01426	0.02615	0.01599	0.02994	0.0876	0.10742	0.0699	0.01551	0.0022	0.00032	0	0.0004	0	0	0	0.00011
2002	1	1	3	0	54	0	0.00586	0.00114	0.00864	0.03363	0.07192	0.09017	0.0404	0.02739	0.0244	0.01947	0.05204	0.05112	0.08519	0.0902	0.07081	0.04005	0.00877	0.00706	0.00113	0.00452	0.00124	0.0041	0.02706	0.07152	0.02883	0.03737	0.03884	0.03246	0.01081	0.00224	0.00322	0.00246	0.00284	0	0	0.00083	0.0023
2003	1	1	3	0	18	0	0	0	0.00218	0.00084	0.00031	0.00632	0.19441	0.31227	0.10404	0.01206	0.00536	0.00727	0.01577	0.01604	0.00329	0.00214	0	0.00096	0	0.00023	0.00011	0.00084	0.00011	0.07587	0.12785	0.0586	0.02396	0.02086	0.00712	0.00119	0	0	0	0	0	0	0
2004	1	1	3	0	54	0	0	0	0.00012	0.00048	0.00063	0.00095	0.00524	0.02633	0.21118	0.27406	0.05632	0.01742	0.03838	0.05902	0.04136	0.02919	0.0043	0	0	0	0	0.00023	0.00058	0.00026	0.02585	0.10078	0.07134	0.02827	0.00561	0.00212	0	0	0	0	0	0	0
2005	1	1	3	0	20	0	0	0	0.00095	0	0	0	0.01986	0.0208	0.00037	0.06466	0.3323	0.18004	0.04388	0.04495	0.02574	0.01096	0	0	0	0	0	0	0	0	0.06488	0.12996	0.03707	0.00865	0.00543	0	0.00949	0	0	0	0	0	0
# new to update assessment
#year	season	type 	gender 	part	#samp	16	18	20	22	24	26	28	30	32	34	36	38	40	42	44	46	48	50	52	16	18	20	22	24	26	28	30	32	34	36	38	40	42	44	46	48	50	52
2006	1	1	3	0	28	0	0	0	0	0	0	0	0.00128	0.00403	0.00696	0.01185	0.07985	0.21999	0.18547	0.26428	0.05523	0.02004	0.00501	0.00513	0	0	0	0	0	0	0.00006	0.0058	0.0479	0.06867	0.01833	0	0.00012	0	0	0	0	0	0
2007	1	1	3	0	30	0	0.00007	0	0	0	0	0.00078	0.00213	0.00341	0.00683	0.00292	0.04219	0.08381	0.11369	0.0429	0.01665	0.00548	0.00149	0.00014	0	0	0	0	0	0	0.00178	0.00213	0.02924	0.06182	0.1149	0.01615	0.09078	0.22553	0.12009	0.01508	0	0	0
2008	1	1	3	0	52	0	0	0	0	0	0	0.00017	0.00455	0.02146	0.0105	0.04584	0.06877	0.17524	0.36671	0.15241	0.01787	0.00584	0.00013	0.00043	0	0	0	0	0	0.00019	0.00884	0.00746	0.0265	0.03517	0.00484	0.00399	0.00627	0.02021	0.0139	0	0.00272	0	0
2009	1	1	3	0	51	0	0	0	0	0	0	0	0.02281	0.16014	0.13279	0.0812	0.06143	0.07439	0.11706	0.09248	0.04629	0.02826	0.00383	0	0	0	0	0	0	0.00305	0.0134	0.05116	0.07145	0.0387	0.00156	0	0	0	0	0	0	0	0
2010	1	1	3	0	41	0	0	0	0	0	0	0	0.00725	0.01785	0.04414	0.04789	0.02832	0.1154	0.23989	0.3425	0.06672	0.01578	0.00391	0	0	0	0	0	0	0.00009	0.0026	0.01836	0.0206	0.01897	0.00924	0.00051	0	0	0	0	0	0	0
2012	1	1	3	0	34	0	0	0	0.00003	0	0.00009	0.01332	0.01227	0.02472	0.01612	0.00373	0.12329	0.14518	0.14506	0.16249	0.09472	0.01065	0	0	0	0	0	0.00096	0.00402	0.00043	0.00877	0.04394	0.07715	0.07226	0.04073	0	0.00006	0	0	0	0	0	0
#																																											
# Hook and line fishery						females																			males																		
#year	season	type 	gender 	partition	# samples	16	18	20	22	24	26	28	30	32	34	36	38	40	42	44	46	48	50	52	16	18	20	22	24	26	28	30	32	34	36	38	40	42	44	46	48	50	52
1980	1	2	3	0	1	0	0	0	0	0	0	0	0	0	0	0	0.05346	0.0004	0.0002	0.10731	0.21581	0.62144	0.0004	0	0	0	0	0	0	0	0	0	0	0	0.0002	0	0	0	0	0.0002	0.0004	0	0
1982	1	2	3	0	20	0	0	0	0	0	0	0	0	0	0	0	0.02656	0.07327	0.14654	0.35618	0.19872	0.17263	0.02609	0	0	0	0	0	0	0	0	0	0	0	0	0	0	0	0	0	0	0	0
1983	1	2	3	0	8	0	0	0	0	0	0	0	0	0	0	0	0.01666	0.14961	0.06663	0.09964	0.26559	0.38521	0	0	0	0	0	0	0	0	0	0	0.01666	0	0	0	0	0	0	0	0	0	0
1984	1	2	3	0	9	0	0	0	0	0	0	0	0	0	0	0	0.05882	0.11765	0.17647	0.23529	0.17647	0.17647	0	0.05882	0	0	0	0	0	0	0	0	0	0	0	0	0	0	0	0	0	0	0
1985	1	2	3	0	14	0	0	0	0	0	0	0	0	0	0.00023	0.0222	0.10922	0.15438	0.09717	0.3143	0.15556	0.0774	0.01025	0	0	0	0	0	0	0	0	0	0.01315	0.02107	0.0246	0	0	0	0.00047	0	0	0	0
1986	1	2	3	0	8	0	0	0	0	0	0	0	0.00138	0	0.00204	0.00836	0.02555	0.14258	0.10739	0.35049	0.17396	0.11928	0.04642	0.0002	0	0	0	0	0	0	0.00003	0	0	0.01824	0.0004	0	0	0.00191	0	0.00178	0	0	0
1987	1	2	3	0	9	0	0	0	0	0	0	0.00657	0.02064	0.0066	0	0.05516	0.17066	0.23488	0.1451	0.10775	0.05923	0.1022	0.00734	0.00004	0	0	0	0	0	0	0.00319	0.00657	0.00657	0.00319	0	0.06432	0	0	0	0	0	0	0
1989	1	2	3	0	16	0	0	0	0	0	0	0	0	0.03538	0.08849	0.08298	0.02435	0.0592	0.01779	0.01218	0.01826	0.02435	0	0	0	0	0	0	0	0	0.01769	0.08846	0.05308	0.33615	0.12388	0.01769	0	0.00007	0	0	0	0	0
1990	1	2	3	0	16	0	0	0	0	0	0	0	0.00205	0	0.05716	0.16326	0.58683	0.16725	0	0.0032	0.00326	0	0	0	0	0	0	0	0	0	0	0.00483	0	0.00526	0.00689	0	0	0	0	0	0	0	0
1991	1	2	3	0	41	0	0.00143	0	0	0.00003	0.01129	0.00118	0.01025	0.06023	0.08648	0.19366	0.08308	0.15067	0.07261	0.05628	0.01759	0.00397	0.00164	0	0	0	0	0	0.00003	0.00045	0.02487	0.04852	0.09975	0.06582	0.00883	0.00088	0.00025	0.00019	0	0	0	0	0
1992	1	2	3	0	84	0	0	0	0	0	0.00081	0.00155	0.03048	0.03815	0.08563	0.08881	0.1549	0.11131	0.13644	0.08134	0.03369	0.01247	0.00425	0	0	0	0	0	0	0.00315	0.01819	0.07305	0.05973	0.05016	0.01027	0.00158	0.00079	0.00311	0	0	0	0	0
1993	1	2	3	0	87	0	0	0.00036	0	0	0.0251	0.10349	0.25814	0.18048	0.14098	0.08223	0.05605	0.00957	0.0072	0.0021	0.001	0.00086	0	0	0	0	0	0.00036	0.01122	0.02667	0.02754	0.02959	0.03582	0.00116	0.00007	0	0	0	0	0	0	0	0
1994	1	2	3	0	86	0	0	0	0	0	0	0	0.00284	0.01322	0.04427	0.08209	0.16641	0.19531	0.21998	0.08578	0.03136	0.03328	0.00023	0	0	0	0	0	0	0	0	0.03582	0.05304	0.02098	0.00407	0.0113	0	0	0	0	0	0	0
1995	1	2	3	0	23	0	0	0	0	0	0	0	0.02018	0.02427	0.02279	0.10374	0.2622	0.10859	0.0662	0.02693	0.0042	0.00013	0	0	0	0	0	0	0	0	0.01229	0.03623	0.0747	0.04455	0.06782	0.05856	0.03752	0.00387	0.01682	0	0	0	0
1996	1	2	3	0	41	0	0	0	0	0	0	0.01667	0.0016	0.01394	0.08846	0.1179	0.22555	0.21468	0.07447	0.04815	0.03936	0.00221	0.00204	0	0	0	0	0	0	0	0	0.01948	0.05499	0.06521	0.00247	0.01121	0	0.0016	0	0	0	0	0
1997	1	2	3	0	38	0	0	0	0	0.00215	0.00078	0	0.01598	0.08748	0.09409	0.08517	0.14414	0.19467	0.10841	0.07685	0.04188	0.01266	0.00378	0	0	0	0	0	0	0.00303	0.03014	0.04673	0.02531	0.02327	0.00078	0.00239	0.00003	0.00027	0	0	0	0	0
1998	1	2	3	0	38	0.00326	0	0	0	0	0	0.00563	0.0064	0.03196	0.13658	0.09991	0.06159	0.11968	0.13457	0.07747	0.04899	0.00844	0.00774	0.00391	0	0	0	0	0.00461	0.00326	0.00226	0.06047	0.09318	0.07127	0.01461	0.00047	0	0.00372	0	0	0	0	0
1999	1	2	3	0	11	0	0	0	0	0	0	0	0.02659	0.06492	0.07368	0.17232	0.24041	0.09193	0.11931	0.06458	0.02409	0.00238	0	0	0	0	0	0	0	0.00467	0.00517	0.02843	0.04026	0.02993	0.01134	0	0	0	0	0	0	0	0
# samp size for hook lengths from 1997 through 2001 set neg. as length comps for aged and unaged fish somewhat different..
2000	1	2	3	0	9	0	0	0	0	0	0.00031	0.00031	0.01411	0.02543	0.13084	0.25728	0.12122	0.16961	0.077	0.05276	0.0226	0.02131	0	0	0	0	0	0	0	0.00031	0.01034	0.01534	0.04837	0.02074	0.00626	0	0	0.00587	0	0	0	0	0
2001	1	2	3	0	12	0	0	0	0	0	0	0	0.00132	0	0.01175	0.03414	0.0829	0.11837	0.1749	0.12195	0.05119	0.02052	0.01335	0	0	0	0	0	0	0	0.01026	0.06216	0.17562	0.10756	0.01241	0	0	0.0016	0	0	0	0	0
2002	1	2	3	0	3	0	0	0	0	0	0.02632	0.10526	0	0	0	0	0.02632	0	0	0.05263	0.02632	0.02632	0	0	0	0	0	0	0.02632	0.02632	0	0.15789	0.39474	0.13158	0	0	0	0	0	0	0	0	0
2006	1	2	3	0	3	0	0	0	0	0	0	0	0	0	0.01272	0	0.16185	0.23815	0.25318	0.10867	0.05549	0.10636	0	0	0	0	0	0	0	0	0	0	0.02543	0	0	0	0.02543	0.01272	0	0	0	0	0
# new to update assessment
#year	season	type 	gender 	partition	# samples																																						
2007	1	2	3	0	3	0	0	0	0	0	0	0	0	0	0	0	0	0.09233	0.25667	0.17493	0.19949	0.21177	0.03812	0	0	0	0	0	0	0	0	0	0	0.00805	0.00805	0	0	0.01059	0	0	0	0	0
2008	1	2	3	0	6	0	0	0	0	0	0	0	0	0	0	0	0.01504	0.1411	0.3924	0.18704	0.09707	0.07219	0.04403	0	0	0	0	0	0	0	0	0	0.00848	0.04266	0	0	0	0	0	0	0	0	0

#																																											
#Net fishery						females																																					
#year	season	type 	gender 	partition	# samples	16	18	20	22	24	26	28	30	32	34	36	38	40	42	44	46	48	50	52	16	18	20	22	24	26	28	30	32	34	36	38	40	42	44	46	48	50	52
1983	1	3	3	0	24	0	0	0	0	0	0	0	0	0	0	0.01248	0.06211	0.14868	0.19754	0.332	0.13685	0.02443	0	0.00307	0	0	0	0	0	0	0	0.01248	0.03545	0.02297	0	0.01195	0	0	0	0	0	0	0
1984	1	3	3	0	68	0	0.01047	0	0	0	0	0	0	0	0	0	0	0.16667	0.29147	0.32045	0.10306	0.09742	0.01047	0	0	0	0	0	0	0	0	0	0	0	0	0	0	0	0	0	0	0	0
1985	1	3	3	0	155	0	0	0	0	0	0	0.00122	0	0.00021	0.00467	0.02343	0.07395	0.09334	0.15591	0.24592	0.23791	0.06391	0.00509	0.00302	0	0	0	0	0	0	0.00015	0.00273	0.02204	0.03686	0.01733	0.01211	0	0.0002	0	0	0	0	0
1986	1	3	3	0	113	0	0	0	0	0	0	0.00023	0.0004	0.00057	0.00026	0.01582	0.06056	0.18991	0.18421	0.21071	0.20903	0.05679	0.00621	0	0	0	0	0	0	0	0	0.00011	0.00566	0.02964	0.00568	0.00403	0.00343	0.00667	0	0	0	0	0
1987	1	3	3	0	92	0	0	0	0	0	0	0.00079	0.00162	0.00036	0.00232	0.00897	0.01165	0.19355	0.2855	0.17057	0.1123	0.0467	0.01564	0.00089	0	0	0	0	0	0	0.00347	0.04653	0.01944	0.01772	0.01386	0.04378	0.00194	0.00186	0	0	0	0	0
1988	1	3	3	0	70	0	0	0	0	0	0.00041	0.00044	0.00117	0.0638	0.12296	0.00271	0.00163	0.00385	0.31123	0.257	0.09212	0.01448	0.00127	0	0	0	0	0	0.00006	0.00015	0.00097	0.11848	0.00267	0.00138	0.00279	0.00013	0.00005	0	0	0	0	0	0
1989	1	3	3	0	82	0	0	0	0	0	0	0.01848	0.01832	0.03839	0.12987	0.14382	0.11016	0.07334	0.12715	0.10056	0.13359	0.01859	0.01313	0.01893	0	0	0	0	0	0	0.0123	0.01375	0.01428	0.00822	0.00655	0.00043	0.00014	0	0	0	0	0	0
1990	1	3	3	0	99	0	0	0.00078	0	0	0.00057	0.0025	0.00785	0.01569	0.01327	0.0751	0.1624	0.13408	0.04108	0.2186	0.08537	0.05356	0.00613	0.00021	0	0	0	0	0	0	0.00171	0.0388	0.04572	0.02568	0.01163	0.04536	0.00371	0	0.0102	0	0	0	0
1991	1	3	3	0	35	0	0	0	0	0	0.00144	0.00352	0.00863	0.0187	0.03612	0.08646	0.16717	0.23046	0.13553	0.04859	0.03628	0.00927	0	0	0	0	0	0	0	0.00016	0.02781	0.06585	0.05945	0.04155	0.00943	0.00767	0	0.00591	0	0	0	0	0
# 1992 length comps had several large males from Morro Bay area - probably mis-ID'd sex or species- thus sample size turned to negative 1
-1992	1	3	3	0	1	0	0	0	0	0	0	0.00216	0.01539	0.00683	0.04506	0.07463	0.09314	0.14088	0.16453	0.10951	0.10248	0.06281	0.00667	0	0	0	0	0	0	0.00139	0.01445	0.02481	0.08037	0.03203	0.01596	0.00178	0.00095	0.00059	0.00027	0	0	0	0
1993	1	3	3	0	35	0	0	0	0	0	0.00102	0.00848	0.01798	0.0186	0.03445	0.10195	0.15712	0.24255	0.15447	0.09174	0.01546	0	0	0	0	0	0	0	0.00473	0.00358	0.04126	0.06158	0.02809	0.01171	0.00428	0	0.00097	0	0	0	0	0	0
1994	1	3	3	0	47	0	0	0	0	0	0	0	0	0.00085	0.01046	0.03534	0.05834	0.11516	0.34256	0.15397	0.0921	0.05238	0.00712	0	0	0	0	0	0	0	0.00085	0.02841	0.03954	0.0351	0.0278	0	0	0	0	0	0	0	0
1995	1	3	3	0	32	0	0	0	0	0	0	0	0	0	0.00906	0	0.0436	0.08736	0.31989	0.22707	0.20206	0.07282	0.02	0	0	0	0	0	0	0	0	0	0	0.01813	0	0	0	0	0	0	0	0	0
1996	1	3	3	0	21	0	0	0	0	0	0	0	0	0	0.01626	0.03252	0.0813	0.1626	0.26016	0.25203	0.09756	0.07317	0	0	0	0	0	0	0	0	0	0	0.01626	0	0	0	0	0	0.00813	0	0	0	0
1997	1	3	3	0	14	0	0	0	0	0	0	0	0	0.01361	0.00537	0.00956	0.05249	0.15283	0.29519	0.25541	0.11019	0.01381	0.01074	0	0	0	0	0	0	0	0	0.00517	0.01829	0.03229	0.02504	0	0	0	0	0	0	0	0
1998	1	3	3	0	11	0	0	0	0	0	0	0	0	0	0.01304	0.0087	0.01739	0.14783	0.27391	0.33913	0.07826	0.02609	0	0	0	0	0	0	0	0	0	0.02174	0	0.04783	0.01304	0	0.01304	0	0	0	0	0	0
#
# Recfin length comps	Coastwide (N and S)																																						
#year	season	type	gender	part	Nsamp	16	18	20	22	24	26	28	30	32	34	36	38	40	42	44	46	48	50	52	16	18	20	22	24	26	28	30	32	34	36	38	40	42	44	46	48	50	52
1980	1	4	0	0	50	0.00255	0	0.01278	0.0358	0.07928	0.07672	0.13554	0.11253	0.11253	0.09718	0.07161	0.08439	0.07161	0.04092	0.02813	0.02301	0.01278	0	0.00255	0.00255	0	0.01278	0.0358	0.07928	0.07672	0.13554	0.11253	0.11253	0.09718	0.07161	0.08439	0.07161	0.04092	0.02813	0.02301	0.01278	0	0.00255
1981	1	4	0	0	47	0.00127	0	0	0.00508	0.02033	0.0343	0.06607	0.14485	0.11689	0.13214	0.10673	0.1385	0.08767	0.04447	0.04066	0.02668	0.02033	0.0127	0.00127	0.00127	0	0	0.00508	0.02033	0.0343	0.06607	0.14485	0.11689	0.13214	0.10673	0.1385	0.08767	0.04447	0.04066	0.02668	0.02033	0.0127	0.00127
1982	1	4	0	0	59	0	0	0	0	0.02427	0.05663	0.07605	0.08252	0.09061	0.06796	0.08576	0.12621	0.13754	0.11488	0.05501	0.05016	0.02427	0.00647	0.00161	0	0	0	0	0.02427	0.05663	0.07605	0.08252	0.09061	0.06796	0.08576	0.12621	0.13754	0.11488	0.05501	0.05016	0.02427	0.00647	0.00161
1983	1	4	0	0	45	0	0	0.00464	0.01547	0.02321	0.07739	0.10371	0.15634	0.12848	0.07894	0.05417	0.0712	0.09287	0.07739	0.04489	0.04334	0.02321	0.00309	0.00154	0	0	0.00464	0.01547	0.02321	0.07739	0.10371	0.15634	0.12848	0.07894	0.05417	0.0712	0.09287	0.07739	0.04489	0.04334	0.02321	0.00309	0.00154
1984	1	4	0	0	90	0	0	0.00254	0.00636	0.01908	0.03053	0.0547	0.0916	0.15267	0.20101	0.13613	0.07506	0.10432	0.07633	0.0318	0.01653	0.00127	0	0	0	0	0.00254	0.00636	0.01908	0.03053	0.0547	0.0916	0.15267	0.20101	0.13613	0.07506	0.10432	0.07633	0.0318	0.01653	0.00127	0	0
1985	1	4	0	0	138	0.00099	0.00049	0.00198	0.00596	0.00994	0.01838	0.03628	0.09045	0.1332	0.12176	0.12524	0.14015	0.11282	0.08697	0.0656	0.02932	0.01391	0.00546	0.00099	0.00099	0.00049	0.00198	0.00596	0.00994	0.01838	0.03628	0.09045	0.1332	0.12176	0.12524	0.14015	0.11282	0.08697	0.0656	0.02932	0.01391	0.00546	0.00099
1986	1	4	0	0	115	0	0.00095	0.00381	0.01858	0.07435	0.10724	0.05052	0.04718	0.07769	0.1101	0.0958	0.10247	0.13203	0.09103	0.04385	0.0305	0.01096	0.00238	0.00047	0	0.00095	0.00381	0.01858	0.07435	0.10724	0.05052	0.04718	0.07769	0.1101	0.0958	0.10247	0.13203	0.09103	0.04385	0.0305	0.01096	0.00238	0.00047
1987	1	4	0	0	22	0	0	0.00761	0.01776	0.04568	0.08375	0.12436	0.11675	0.11675	0.10659	0.04568	0.05076	0.03299	0.06852	0.07614	0.04314	0.01776	0.0203	0.02538	0	0	0.00761	0.01776	0.04568	0.08375	0.12436	0.11675	0.11675	0.10659	0.04568	0.05076	0.03299	0.06852	0.07614	0.04314	0.01776	0.0203	0.02538
1988	1	4	0	0	72	0	0	0	0.00323	0.02047	0.04956	0.12931	0.20474	0.23922	0.16056	0.02693	0.01724	0.02693	0.06142	0.03987	0.01185	0.00646	0	0.00215	0	0	0	0.00323	0.02047	0.04956	0.12931	0.20474	0.23922	0.16056	0.02693	0.01724	0.02693	0.06142	0.03987	0.01185	0.00646	0	0.00215
1989	1	4	0	0	29	0	0	0	0.00219	0.0307	0.04495	0.0921	0.14692	0.1546	0.21052	0.21052	0.06469	0.02083	0.00986	0.00877	0.00328	0	0	0	0	0	0	0.00219	0.0307	0.04495	0.0921	0.14692	0.1546	0.21052	0.21052	0.06469	0.02083	0.00986	0.00877	0.00328	0	0	0
1994	1	4	0	0	5	0	0	0	0	0.09677	0.06451	0.16129	0.16129	0.2258	0.16129	0.09677	0.03225	0	0	0	0	0	0	0	0	0	0	0	0.09677	0.06451	0.16129	0.16129	0.2258	0.16129	0.09677	0.03225	0	0	0	0	0	0	0
1995	1	4	0	0	5	0	0	0	0.08053	0.05369	0.22147	0.26174	0.20134	0.12751	0.02684	0.02013	0	0	0	0	0	0	0	0.00671	0	0	0	0.08053	0.05369	0.22147	0.26174	0.20134	0.12751	0.02684	0.02013	0	0	0	0	0	0	0	0.00671
1996	1	4	0	0	20	0	0	0.00359	0.05215	0.07553	0.14928	0.19064	0.09892	0.07553	0.10431	0.07913	0.05935	0.05575	0.04136	0.01258	0.00179	0	0	0	0	0	0.00359	0.05215	0.07553	0.14928	0.19064	0.09892	0.07553	0.10431	0.07913	0.05935	0.05575	0.04136	0.01258	0.00179	0	0	0
1997	1	4	0	0	15	0	0	0	0.00338	0.0305	0.08305	0.05254	0.07627	0.05423	0.05423	0.07796	0.18474	0.17288	0.12542	0.05254	0.02203	0.00677	0.00338	0	0	0	0	0.00338	0.0305	0.08305	0.05254	0.07627	0.05423	0.05423	0.07796	0.18474	0.17288	0.12542	0.05254	0.02203	0.00677	0.00338	0
1998	1	4	0	0	6	0	0	0	0	0.0114	0.01901	0.06083	0.19771	0.13307	0.12167	0.08365	0.06463	0.11026	0.08745	0.07604	0.01901	0.0152	0	0	0	0	0	0	0.0114	0.01901	0.06083	0.19771	0.13307	0.12167	0.08365	0.06463	0.11026	0.08745	0.07604	0.01901	0.0152	0	0
1999	1	4	0	0	47	0	0.00516	0.01204	0.02065	0.02925	0.07056	0.07917	0.09294	0.06196	0.07228	0.06196	0.0981	0.11187	0.16179	0.09122	0.02409	0.00516	0	0.00172	0	0.00516	0.01204	0.02065	0.02925	0.07056	0.07917	0.09294	0.06196	0.07228	0.06196	0.0981	0.11187	0.16179	0.09122	0.02409	0.00516	0	0.00172
2000	1	4	0	0	31	0	0.01086	0.08695	0.06521	0.02898	0.07246	0.07608	0.0942	0.06521	0.0471	0.02173	0.05797	0.0942	0.09057	0.08695	0.08695	0.01086	0.00362	0	0	0.01086	0.08695	0.06521	0.02898	0.07246	0.07608	0.0942	0.06521	0.0471	0.02173	0.05797	0.0942	0.09057	0.08695	0.08695	0.01086	0.00362	0
2001	1	4	0	0	16	0	0	0.02675	0.09698	0.1806	0.0903	0.05685	0.05016	0.07692	0.05351	0.03678	0.05351	0.08361	0.07023	0.07023	0.04013	0.01337	0	0	0	0	0.02675	0.09698	0.1806	0.0903	0.05685	0.05016	0.07692	0.05351	0.03678	0.05351	0.08361	0.07023	0.07023	0.04013	0.01337	0	0
2002	1	4	0	0	18	0	0	0	0.00888	0.13777	0.14666	0.14666	0.07111	0.01333	0.02666	0.04888	0.00888	0.05333	0.07555	0.12	0.11111	0.02666	0.00444	0	0	0	0	0.00888	0.13777	0.14666	0.14666	0.07111	0.01333	0.02666	0.04888	0.00888	0.05333	0.07555	0.12	0.11111	0.02666	0.00444	0
#2004	1	4	0	0	41	0.00429	0.01716	0.01287	0.03433	0.11587	0.21459	0.13304	0.09442	0.1545	0.11158	0.07296	0.02575	0.00429	0	0	0.00429	0	0	0	0.00429	0.01716	0.01287	0.03433	0.11587	0.21459	0.13304	0.09442	0.1545	0.11158	0.07296	0.02575	0.00429	0	0	0.00429	0	0	0
#2005	1	4	0	0	16	0	0.07547	0.30188	0.09433	0.01886	0.07547	0.0566	0.09433	0.03773	0.01886	0.13207	0.0566	0.03773	0	0	0	0	0	0	0	0.07547	0.30188	0.09433	0.01886	0.07547	0.0566	0.09433	0.03773	0.01886	0.13207	0.0566	0.03773	0	0	0	0	0	0
#year	season	type	gender	part	Nsamp	16	18	20	22	24	26	28	30	32	34	36	38	40	42	44	46	48	50	52	16	18	20	22	24	26	28	30	32	34	36	38	40	42	44	46	48	50	52
2004	1	4	0	0	16	0.01	0.0134	0.01	0.0302	0.104	0.208	0.1308	0.1006	0.1577	0.1342	0.0671	0.0268	0.0033	0	0	0.0033	0	0	0	0	0	0	0	0	0	0	0	0	0	0	0	0	0	0	0	0	0	0
2005	1	4	0	0	18	0.0036	0.0254	0.0727	0.1127	0.2109	0.1236	0.0436	0.0472	0.0327	0.0509	0.1018	0.1309	0.04	0.0036	0	0	0	0	0	0	0	0	0	0	0	0	0	0	0	0	0	0	0	0	0	0	0	0
2006	1	4	0	0	19	0.0031	0.0062	0.0248	0.1024	0.177	0.2142	0.1987	0.0745	0.0341	0.0465	0.0341	0.0527	0.0186	0.0093	0.0031	0	0	0	0	0	0	0	0	0	0	0	0	0	0	0	0	0	0	0	0	0	0	0
2007	1	4	0	0	18	0.0041	0.002	0.0248	0.0788	0.0975	0.0394	0.0373	0.0705	0.0892	0.0477	0.0311	0.0435	0.1493	0.1908	0.0643	0.0145	0.0082	0.0062	0	0	0	0	0	0	0	0	0	0	0	0	0	0	0	0	0	0	0	0
2008	1	4	0	0	18	0.0066	0.0167	0.0367	0.1304	0.1337	0.224	0.0969	0.0735	0.0602	0.0568	0.0468	0.0133	0.0267	0.0434	0.0234	0.0033	0.0033	0.0033	0	0	0	0	0	0	0	0	0	0	0	0	0	0	0	0	0	0	0	0
2009	1	4	0	0	17	0.0133	0.0266	0.0622	0.1688	0.2533	0.0711	0.1288	0.1022	0.0622	0.0133	0.0311	0.0088	0.0177	0.0088	0.0133	0.0133	0.0044	0	0	0	0	0	0	0	0	0	0	0	0	0	0	0	0	0	0	0	0	0
2010	1	4	0	0	17	0.009	0.0543	0.1601	0.2084	0.1752	0.1299	0.0966	0.0694	0.0332	0.0302	0.006	0.003	0.003	0.003	0.003	0.009	0.003	0.003	0	0	0	0	0	0	0	0	0	0	0	0	0	0	0	0	0	0	0	0
2011	1	4	0	0	19	0.0112	0.0544	0.1616	0.1552	0.1392	0.0976	0.1072	0.056	0.048	0.0496	0.016	0.0256	0.0144	0.0272	0.0208	0.0096	0.0064	0	0	0	0	0	0	0	0	0	0	0	0	0	0	0	0	0	0	0	0	0
2012	1	4	0	0	25	0.0056	0.0127	0.1943	0.2666	0.1659	0.1262	0.0865	0.0765	0.0255	0.0113	0.0113	0.0028	0.0028	0.0014	0.007	0	0.0028	0	0	0	0	0	0	0	0	0	0	0	0	0	0	0	0	0	0	0	0	0

#
# Triennial survey length data- 				
1977	1	5	3	0	56	0.00132	0.0028	0.01864	0.04554	0.02555	0.01866	0.01316	0.01863	0.04304	0.08371	0.05878	0.02463	0.03757	0.05619	0.05998	0.05109	0.04681	0.02098	0.00456	0.00157	0.0026	0.01833	0.04147	0.01525	0.01458	0.01431	0.06889	0.08181	0.06158	0.03506	0.00853	0.00065	0.00107	0.00148	0.00043	0.00057	0	0
1980	1	5	3	0	17	0	0	0	0	0	0.00102	0.00022	0.00442	0.03417	0.0489	0.06656	0.04987	0.08431	0.09185	0.06391	0.0378	0.0108	0.01103	0.00138	0	0	0.00092	0.00123	0.00056	0.00021	0.01013	0.06132	0.15277	0.18459	0.06082	0.00831	0.00208	0.00842	0.00156	0.00056	0.00014	0	0
1983	1	5	3	0	17	0.00147	0.00236	0.00222	0.00237	0.01546	0.03155	0.05519	0.09165	0.11927	0.04888	0.01741	0.01022	0.02294	0.02131	0.01335	0.01473	0.01341	0.00281	0.00054	0.00129	0.00236	0.00082	0.00187	0.01964	0.04507	0.13632	0.1805	0.0633	0.03084	0.02869	0.00197	0	0	0.00003	0	0	0	0
1986	1	5	3	0	14	0.00021	0.00021	0.054	0.09675	0.10531	0.03826	0.00166	0.00191	0.00319	0.01658	0.03826	0.06103	0.04773	0.04995	0.01422	0.00968	0.00458	0.00138	0	0	0.00214	0.042	0.0741	0.12401	0.01268	0.01143	0.06192	0.07889	0.03768	0.0074	0.00226	0.00044	0	0	0	0	0	0
1989	1	5	3	0	91	0.14115	0.08542	0.00522	0.01077	0.0188	0.01236	0.02578	0.03328	0.01295	0.01263	0.03708	0.04408	0.00765	0.01092	0.01361	0.00611	0.00323	0.00099	0.00065	0.15814	0.07824	0.00423	0.01606	0.01862	0.03192	0.05855	0.05072	0.05481	0.02932	0.01254	0.00347	0.00022	0.00004	0.00005	0	0	0.00009	0.00009
1992	1	5	3	0	59	0.24397	0.02135	0.01956	0.025	0.00991	0.0186	0.04261	0.03886	0.01397	0.00795	0.00448	0.00373	0.00244	0.00253	0.00212	0.00026	0.00065	0.00006	0	0.2715	0.01878	0.02134	0.02997	0.01546	0.0718	0.06547	0.0214	0.01717	0.00594	0.00245	0.00024	0.00006	0	0	0	0.00012	0.00006	0
1995	1	5	3	0	79	0.07182	0.0105	0.02365	0.03701	0.03052	0.00774	0.01664	0.03555	0.02933	0.02137	0.02177	0.04439	0.03114	0.02686	0.02366	0.01874	0.00794	0.00212	0.00033	0.08029	0.0065	0.02289	0.03343	0.02708	0.04323	0.06932	0.08634	0.09242	0.05937	0.01576	0.00175	0.00006	0.00016	0.00008	0.00008	0	0	0
1998	1	5	3	0	81	0.01317	0.03329	0.02219	0.01371	0.05545	0.10907	0.02906	0.01489	0.0305	0.05614	0.00735	0.00612	0.01038	0.01613	0.00776	0.00386	0.00265	0.00042	0	0.00908	0.02868	0.02244	0.03439	0.12487	0.07326	0.08847	0.09834	0.06031	0.02068	0.00673	0.00042	0	0	0	0.00003	0	0	0
2001	1	5	3	0	77	0.00367	0.01002	0.05792	0.2417	0.11619	0.00883	0.00665	0.00424	0.00695	0.00655	0.00921	0.00452	0.00343	0.00301	0.00261	0.00244	0.00065	0.00001	0	0.00531	0.00575	0.09168	0.27631	0.08195	0.00664	0.01412	0.018	0.00695	0.00373	0.00063	0.00013	0	0.00001	0	0	0	0	0
2004	1	5	3	0	88	0.11449	0.00173	0.00278	0.00155	0.00074	0.0159	0.01839	0.00552	0.01475	0.07254	0.14576	0.06047	0.01188	0.00359	0.00538	0.00669	0.00589	0.00154	0.00022	0.1552	0.00081	0.0029	0.0018	0.00745	0.01609	0.05755	0.12913	0.1032	0.02382	0.01048	0.00153	0.00004	0	0	0.00004	0	0	0
#
# NWC combo survey
#year	season	type	gender	part	#_samp	16	18	20	22	24	26	28	30	32	34	36	38	40	42	44	46	48	50	52	16	18	20	22	24	26	28	30	32	34	36	38	40	42	44	46	48	50	52
2004	1	6	3	0	80	0.04404	0.01369	0.00472	0.03525	0.02799	0.01465	0.01927	0.01316	0.03029	0.0799	0.14514	0.08653	0.02008	0.00372	0.00344	0.00324	0.00297	0.00211	0.00011	0.04495	0.01289	0.00742	0.01816	0.01508	0.01046	0.02821	0.143	0.13338	0.02808	0.00745	0.00044	0	0	0	0.00004	0	0	0
2006	1	6	3	0	70	0.00203	0.00398	0.00552	0.02027	0.01898	0.0162	0.01346	0.00799	0.01636	0.01809	0.01738	0.05072	0.1083	0.09014	0.02235	0.02541	0.00979	0.00467	0.00087	0.00083	0.00259	0.00524	0.02529	0.02382	0.02134	0.01556	0.04352	0.16058	0.21343	0.03339	0.00055	0	0.00118	0	0	0	0	0
2008	1	6	3	0	80	0.0525	0.00721	0.00604	0.00028	0.00324	0.00703	0.01813	0.02166	0.01324	0.01451	0.01361	0.02326	0.04604	0.15283	0.08107	0.03308	0.01564	0.00388	0.00182	0.03163	0.00915	0.00343	0.00295	0.0132	0.03037	0.04733	0.0635	0.11672	0.11197	0.03643	0.00494	0.00112	0.00584	0.00462	0.00139	0.00018	0	0
2010	1	6	3	0	106	0.29939	0.0549	0.008	0.00317	0.0129	0.00933	0.00413	0.00381	0.00368	0.0041	0.00407	0.00723	0.01253	0.01723	0.02504	0.01062	0.00814	0.00846	0.00175	0.35807	0.04169	0.00091	0.00705	0.00986	0.00345	0.00562	0.01133	0.02472	0.0291	0.00925	0.00017	0	0	0	0.00015	0	0	0
2012	1	6	3	0	105	0.07067	0.0216	0.04496	0.19184	0.0522	0.00761	0.06991	0.00539	0.01781	0.00115	0.00058	0.01	0.00658	0.01156	0.01748	0.01149	0.00253	0.00013	0	0.07963	0.01119	0.08674	0.08155	0.05255	0.03383	0.06017	0.00346	0.01439	0.02289	0.00806	0.0006	0	0.00063	0	0.00067	0	0	0

#
#Recreational Length data - June 15 fix to TL-> FL conversion!!
#year	season	type	gender	part	numsamp	16	18	20	22	24	26	28	30	32	34	36	38	40	42	44	46	48	50	52	16	18	20	22	24	26	28	30	32	34	36	38	40	42	44	46	48	50	52
1987	1	10	0	0	43	0.0007	0	0.00141	0.01131	0.03182	0.13932	0.30622	0.31046	0.13649	0.01909	0.01202	0.01202	0.01131	0.00353	0.00353	0.0007	0	0	0	0.0007	0	0.00141	0.01131	0.03182	0.13932	0.30622	0.31046	0.13649	0.01909	0.01202	0.01202	0.01131	0.00353	0.00353	0.0007	0	0	0
1988	1	10	0	0	44	0.0011	0.00221	0.00832	0.03329	0.07103	0.07047	0.12042	0.22031	0.24028	0.15149	0.04495	0.00832	0.00998	0.00887	0.00277	0.00166	0.00332	0.0011	0	0.0011	0.00221	0.00832	0.03329	0.07103	0.07047	0.12042	0.22031	0.24028	0.15149	0.04495	0.00832	0.00998	0.00887	0.00277	0.00166	0.00332	0.0011	0
1989	1	10	0	0	58	0	0.00122	0.00183	0.01102	0.02205	0.03063	0.09803	0.19852	0.17401	0.1734	0.17095	0.06617	0.02205	0.0147	0.00857	0.00428	0.00183	0	0.00061	0	0.00122	0.00183	0.01102	0.02205	0.03063	0.09803	0.19852	0.17401	0.1734	0.17095	0.06617	0.02205	0.0147	0.00857	0.00428	0.00183	0	0.00061
1990	1	10	0	0	16	0	0	0	0	0.00716	0.04659	0.09318	0.15412	0.17204	0.07526	0.10394	0.17921	0.09318	0.04659	0.02508	0.00358	0	0	0	0	0	0	0	0.00716	0.04659	0.09318	0.15412	0.17204	0.07526	0.10394	0.17921	0.09318	0.04659	0.02508	0.00358	0	0	0
1991	1	10	0	0	15	0	0	0.00256	0.01794	0.04615	0.12564	0.11794	0.14871	0.07948	0.05128	0.04871	0.12051	0.10769	0.06923	0.04358	0.01794	0.00256	0	0	0	0	0.00256	0.01794	0.04615	0.12564	0.11794	0.14871	0.07948	0.05128	0.04871	0.12051	0.10769	0.06923	0.04358	0.01794	0.00256	0	0
1992	1	10	0	0	32	0	0	0.00941	0.04143	0.05775	0.15379	0.20966	0.17137	0.09165	0.05963	0.03766	0.04331	0.04959	0.05524	0.00941	0.0069	0.00251	0.00062	0	0	0	0.00941	0.04143	0.05775	0.15379	0.20966	0.17137	0.09165	0.05963	0.03766	0.04331	0.04959	0.05524	0.00941	0.0069	0.00251	0.00062	0
1993	1	10	0	0	37	0	0.00061	0.00553	0.02642	0.0381	0.08358	0.09649	0.13952	0.16041	0.11124	0.07682	0.05777	0.06883	0.06084	0.03749	0.02274	0.01167	0.00184	0	0	0.00061	0.00553	0.02642	0.0381	0.08358	0.09649	0.13952	0.16041	0.11124	0.07682	0.05777	0.06883	0.06084	0.03749	0.02274	0.01167	0.00184	0
1994	1	10	0	0	26	0.0008	0.00161	0.00726	0.03069	0.10904	0.1155	0.1357	0.1042	0.10339	0.10985	0.11227	0.07108	0.0315	0.02827	0.02019	0.01615	0.00242	0	0	0.0008	0.00161	0.00726	0.03069	0.10904	0.1155	0.1357	0.1042	0.10339	0.10985	0.11227	0.07108	0.0315	0.02827	0.02019	0.01615	0.00242	0	0
1995	1	10	0	0	22	0	0.00892	0.05535	0.03928	0.06428	0.07142	0.10535	0.10892	0.18214	0.10892	0.08571	0.06785	0.05357	0.02321	0.01607	0.00714	0.00178	0	0	0	0.00892	0.05535	0.03928	0.06428	0.07142	0.10535	0.10892	0.18214	0.10892	0.08571	0.06785	0.05357	0.02321	0.01607	0.00714	0.00178	0	0
1996	1	10	0	0	19	0	0	0.01167	0.02918	0.0642	0.11867	0.13035	0.0642	0.09533	0.13424	0.09338	0.10894	0.07782	0.05058	0.01945	0.00194	0	0	0	0	0	0.01167	0.02918	0.0642	0.11867	0.13035	0.0642	0.09533	0.13424	0.09338	0.10894	0.07782	0.05058	0.01945	0.00194	0	0	0
1997	1	10	0	0	19	0	0	0	0.00523	0.04712	0.12565	0.08115	0.09162	0.04973	0.0445	0.06806	0.1335	0.17015	0.10471	0.04712	0.01832	0.01047	0.00261	0	0	0	0	0.00523	0.04712	0.12565	0.08115	0.09162	0.04973	0.0445	0.06806	0.1335	0.17015	0.10471	0.04712	0.01832	0.01047	0.00261	0
1998	1	10	0	0	9	0	0	0	0	0.00955	0.01592	0.0605	0.18471	0.13057	0.10828	0.08917	0.09554	0.12101	0.08598	0.07006	0.01592	0.01273	0	0	0	0	0	0	0.00955	0.01592	0.0605	0.18471	0.13057	0.10828	0.08917	0.09554	0.12101	0.08598	0.07006	0.01592	0.01273	0	0
#


# Age composition data
21	# number of age bins
1	2	3	4	5	6	7	8	9	10	11	12	13	14	15	16	17	18	19	20	21

1	# number of unique ageing error matrices to generate
# ageing error matrix- no bias, has imprecision (st dev)
#0.5	1.5	2.5	3.5	4.5	5.5	6.5	7.5	8.5	9.5	10.5	11.5	12.5	13.5	14.5	15.5	16.5	17.5	18.5	19.5	20.5	21.5
#0.03	0.091	0.153	0.214	0.275	0.336	0.398	0.459	0.52	0.581	0.643	0.704	0.765	0.826	0.888	0.949	1.01	1.072	1.133	1.194	1.255	1.317
0.4768	1.4304	2.384	3.3376	4.2912	5.2447	6.1983	7.1519	8.1055	9.0591	10.0127	10.9663	11.9199	12.8735	13.8271	14.7806	15.8	16.8	17.8	18.8	19.8	20.8
0.107	0.107	0.2141	0.3211	0.4282	0.5352	0.6423	0.7493	0.8564	0.9634	1.0705	1.1775	1.2845	1.3916	1.4986	1.6057	1.61	1.61	1.61	1.61	1.61	1.61


75	#_number of age observations
2	#_Lbin_method: 1=poplenbins; 2=datalenbins; 3=lengths
0	#_combine males into females at or below this bin number

# this run goes back to traditional age comps-
#year	season	type 	gender 	part	errmat	Lbinlo	LbinHi	# samp 	1	2	3	4	5	6	7	8	9	10	11	12	13	14	15	16	17	18	19	20	plus	1	2	3	4	5	6	7	8	9	10	11	12	13	14	15	16	17	18	19	20	plus
-1978	1	1	3	0	1	1	52	1	0	0	0.00378	0.00192	0.05193	0.06229	0.08103	0.11205	0.0285	0.02318	0.1395	0.04135	0.00805	0.00451	0.01162	0.01389	0.03325	0.01976	0.03987	0.0299	0.0635	0	0	0.00086	0.00094	0.01108	0.03327	0.03173	0.02462	0.00872	0.00288	0.01137	0.02357	0.02161	0.04333	0.00117	0.00127	0.00263	0.00019	0.00142	0.0035	0.00597
-1979	1	1	3	0	1	1	52	1	0	0	0.02289	0.04417	0.03256	0.12065	0.06067	0.05047	0.1531	0.09065	0.03673	0.0262	0.01061	0.00285	0.02734	0.01818	0.01339	0.00627	0.02685	0.00403	0.00893	0	0	0.01917	0.05047	0.03043	0.00964	0.00342	0.0042	0.02474	0.00362	0	0.00462	0.00335	0.01917	0.00044	0.00141	0.05746	0.00223	0.00531	0.00335	0.00044
1980	1	1	3	0	1	1	52	120	0	0	0.00079	0.01116	0.07118	0.03558	0.24243	0.01848	0.04077	0.07396	0.01513	0.0116	0.04232	0.01038	0.00231	0.05865	0.00011	0.00244	0.0029	0.00044	0.01973	0	0.00102	0.00435	0.007	0.05788	0.07713	0.04955	0.00622	0.00431	0.03101	0.00437	0.05813	0.00071	0.00266	0.00096	0.00918	0.00028	0.00333	0.00621	0.00103	0.01431
1981	1	1	3	0	1	1	52	80	0	0	0.00121	0.00551	0.15777	0.20849	0.03943	0.15607	0.01213	0.00378	0.00498	0.00835	0.0039	0.05709	0.00182	0.00056	0.00245	0.00194	0.00101	0.00021	0.00806	0	0	0.04975	0.00037	0.05482	0.02426	0.00489	0.12049	0.00215	0.00208	0.00777	0.00153	0.00261	0.05139	0.0007	0.00008	0.00007	0.00024	0	0.00015	0.00187
1982	1	1	3	0	1	1	52	135	0	0.00006	0.00795	0.02247	0.05293	0.03563	0.21462	0.053	0.17273	0.01588	0.04724	0.04183	0.0206	0.01731	0.01459	0.00567	0.00705	0.002	0.01187	0.00069	0.01252	0	0	0.00646	0.00462	0.01703	0.01767	0.07607	0.01949	0.04761	0.00885	0.01292	0.01438	0.00282	0.00729	0.00479	0.00001	0.00012	0	0	0.00026	0.00296
1983	1	1	3	0	1	1	52	254	0	0	0.00712	0.04191	0.02014	0.03882	0.07728	0.22797	0.09597	0.08751	0.04105	0.05616	0.0338	0.02631	0.00968	0.01863	0.00111	0.00751	0.00826	0.01526	0.02535	0	0.00006	0.00528	0.02822	0.01055	0.00792	0.02584	0.03455	0.00701	0.01561	0.00306	0.00564	0.00299	0.00495	0.00147	0.00218	0.00057	0.00277	0	0.00071	0.00073
1984	1	1	3	0	1	1	52	202	0	0.00002	0.03783	0.10336	0.17369	0.086	0.05089	0.04349	0.09149	0.02664	0.02702	0.01316	0.02271	0.01373	0.02425	0.00804	0.00912	0.00185	0.00051	0.00106	0.00579	0	0.00335	0.01033	0.04641	0.03068	0.01707	0.013	0.01551	0.03336	0.02777	0.01319	0.01903	0.00578	0.00412	0.00282	0.01028	0.00259	0.00077	0.00085	0.00012	0.00234
1985	1	1	3	0	1	1	52	303	0	0.00002	0.00279	0.02507	0.06476	0.16204	0.08104	0.0408	0.03527	0.0363	0.04287	0.02739	0.02872	0.0188	0.01871	0.00889	0.00452	0.00542	0.00493	0.00236	0.00932	0	0.00006	0.00011	0.01536	0.01544	0.04936	0.04948	0.03218	0.02924	0.04719	0.03604	0.0216	0.01902	0.02613	0.00676	0.00622	0.00532	0.00345	0.00422	0.00134	0.01145
1986	1	1	3	0	1	1	52	111	0	0.00466	0.0088	0.02095	0.07726	0.1109	0.08903	0.04127	0.03736	0.03883	0.06767	0.02447	0.03381	0.01699	0.02167	0.009	0.00728	0.00213	0.0115	0.00149	0.00566	0	0.00432	0.00224	0.00663	0.02418	0.05423	0.05353	0.03077	0.04701	0.02541	0.04662	0.01493	0.02899	0.00422	0.01179	0.00263	0.00212	0.00145	0.00082	0.00062	0.00677
1987	1	1	3	0	1	1	52	205	0.04462	0.03154	0.32482	0.01466	0.01095	0.03123	0.04142	0.06563	0.01636	0.00299	0.00499	0.01538	0.00375	0.00637	0.0031	0.0003	0.00124	0.0015	0.00091	0.00021	0.00033	0.01785	0.00009	0.14746	0.01224	0.01089	0.00733	0.03271	0.05213	0.01475	0.01071	0.01644	0.0176	0.0049	0.01238	0.00473	0.00156	0.00458	0.00502	0.00004	0.00111	0.00318
1988	1	1	3	0	1	1	52	190	0	0.00014	0.02819	0.4067	0.00423	0.00113	0.05054	0.01579	0.04125	0.00992	0.01415	0.00033	0.01861	0.00391	0.00258	0.00003	0.006	0.00209	0.00002	0.00026	0.00374	0	0.00029	0.00118	0.25377	0.00371	0.00355	0.0084	0.01968	0.04651	0.01432	0.00167	0.00778	0.00472	0.00051	0.00218	0.01048	0.00127	0.00903	0.00018	0.00018	0.00099
1989	1	1	3	0	1	1	52	174	0	0.00011	0.03457	0.03029	0.42988	0.00165	0.00067	0.00855	0.00895	0.01759	0.00249	0.00141	0.00068	0.00803	0.0001	0.00207	0	0.00005	0.00022	0.00004	0.00045	0	0.00009	0.0226	0.03778	0.26056	0.00339	0.0004	0.02036	0.01849	0.03719	0.00432	0.00165	0.00124	0.01195	0.0142	0.00599	0.00869	0.00042	0.0009	0.00006	0.00193
1990	1	1	3	0	1	1	52	133	0	0.02742	0.05254	0.03834	0.05285	0.21303	0.15181	0.00314	0.03976	0.00441	0.00642	0.00111	0.00497	0.00056	0.00317	0.00028	0.00123	0.00031	0.0009	0.00119	0.00411	0.00003	0.01388	0.03816	0.0536	0.02873	0.10087	0.04477	0.00425	0.01313	0.01413	0.0257	0.00296	0.01804	0.00942	0.0079	0.00345	0.00728	0.00259	0.0012	0.00036	0.00199
1991	1	1	3	0	1	1	52	66	0	0.03237	0.08143	0.08939	0.06549	0.04964	0.15004	0.03589	0.00976	0.01119	0.01278	0.00956	0.00144	0.0128	0	0.00836	0	0.00124	0	0	0.03012	0	0.01674	0.10708	0.05087	0.03811	0.01699	0.07145	0.02294	0.00555	0.0088	0.01073	0.01334	0.00211	0.00911	0.00072	0.00827	0.0001	0.00199	0.00012	0	0.01349
1992	1	1	3	0	1	1	52	100	0	0.00306	0.088	0.12952	0.10098	0.10262	0.05166	0.09095	0.03579	0.00788	0.01178	0.00858	0.0194	0.01313	0.01225	0.00157	0.00301	0.00157	0.00611	0.00128	0.00551	0	0.0016	0.02928	0.03758	0.03687	0.04847	0.02022	0.06001	0.02501	0.0074	0.0019	0.00156	0.01092	0.00271	0.0066	0.00209	0.00136	0.00054	0.00501	0.00004	0.00615
1993	1	1	3	0	1	1	52	75	0.00025	0.00174	0.02104	0.1297	0.118	0.09357	0.05244	0.0481	0.07239	0.01097	0.00529	0.01416	0.0095	0.01103	0.00428	0.0025	0.00186	0.00289	0.00071	0.00513	0.00153	0	0.00166	0.02201	0.10917	0.05945	0.05701	0.02266	0.01381	0.04	0.01438	0.00794	0.00644	0.00507	0.00306	0.00583	0.01028	0.00096	0.00355	0.00057	0.00192	0.00717
1994	1	1	3	0	1	1	52	76	0	0.00248	0.07104	0.0454	0.13842	0.08056	0.09087	0.04623	0.01417	0.06873	0.02104	0.00153	0.00473	0.0061	0.00337	0.00383	0.00147	0.00061	0.00588	0.00062	0.00098	0	0.0046	0.04132	0.04996	0.04147	0.04859	0.04356	0.02342	0.03959	0.03571	0.01772	0.00435	0.01236	0.00557	0.0056	0.0057	0.0051	0.00122	0.00013	0.00105	0.00494
1995	1	1	3	0	1	1	52	57	0	0.00404	0.02541	0.0728	0.08673	0.12557	0.08214	0.06132	0.04067	0.01859	0.04225	0.01223	0.00378	0.00687	0.00515	0.00146	0.00288	0.00047	0	0.00172	0.00367	0	0.00544	0.01632	0.03919	0.03082	0.05457	0.03673	0.03411	0.03743	0.01884	0.03969	0.02024	0.01218	0.00496	0.00986	0.01253	0.00477	0.00522	0.00009	0.00915	0.01012
1996	1	1	3	0	1	1	52	64	0	0.00763	0.1728	0.01501	0.07585	0.07577	0.02908	0.0377	0.04358	0.01553	0.00983	0.03194	0.00415	0	0.00155	0.00496	0.00284	0.00158	0	0.00624	0.00107	0	0.02565	0.11716	0.03339	0.034	0.04137	0.05519	0.02609	0.02877	0.01265	0.02855	0.01731	0.01346	0.00214	0.00171	0.00015	0.00179	0.00063	0.01215	0.00359	0.00716
1997	1	1	3	0	1	1	52	71	0	0.00132	0.01069	0.18465	0.07381	0.06563	0.06212	0.05927	0.04544	0.03139	0.01655	0.01236	0.01119	0.00124	0.00447	0.00364	0.00324	0.00406	0.00196	0	0.00173	0	0	0.0152	0.14505	0.05635	0.04362	0.03408	0.02759	0.01579	0.01125	0.01111	0.0176	0.00923	0.00209	0.00123	0.00056	0.0022	0.00571	0.00007	0.00099	0.00552
-1998	1	1	3	0	1	1	52	1	0	0.00185	0.01358	0.01991	0.11579	0.06233	0.08108	0.07869	0.07642	0.05378	0.04527	0.02623	0.01928	0.01991	0.00429	0.00127	0.00187	0.0018	0.0023	0.00021	0.00795	0.00031	0.00093	0.01815	0.01496	0.06433	0.01016	0.04198	0.04395	0.03572	0.03541	0.01461	0.01351	0.03056	0.00985	0.01385	0.00231	0.00231	0.00326	0.00503	0.00238	0.00265
-1999	1	1	3	0	1	1	52	1	0	0.00006	0.00173	0.10925	0.06315	0.13796	0.04408	0.0662	0.04837	0.05063	0.04667	0.01942	0.01212	0.00903	0.0089	0.00263	0.00008	0.00094	0.00205	0.0029	0.00533	0	0.00332	0.00007	0.05304	0.03379	0.10262	0.02641	0.04117	0.02579	0.02087	0.01269	0.00879	0.00482	0.0069	0.00728	0.00496	0.00373	0.00287	0.00227	0.0001	0.00702
-2000	1	1	3	0	1	1	52	1	0	0.00002	0.00014	0.01344	0.06178	0.06835	0.11776	0.06001	0.07294	0.03955	0.07104	0.05061	0.04365	0.02505	0.0218	0.01716	0.00218	0.00061	0.00321	0.00504	0.00363	0	0.00003	0.0051	0.00683	0.04577	0.02892	0.05689	0.01984	0.03343	0.00977	0.0231	0.01241	0.03636	0.00292	0.00904	0.00465	0.00715	0.00008	0.00178	0.00268	0.01525
2001	1	1	3	0	1	1	52	23	0.0009	0.01761	0.0093	0.02139	0.03552	0.13228	0.07052	0.13274	0.05431	0.04817	0.02637	0.02695	0.028	0.02513	0.00513	0.00408	0	0.00405	0.00102	0	0.00518	0.0018	0.02358	0.00336	0.01142	0.01598	0.03543	0.04657	0.06113	0.01708	0.02996	0.0256	0.01227	0.01829	0.01634	0.00428	0.00515	0.01275	0.0018	0	0.00071	0.00784
2002	1	1	3	0	1	1	52	31	0.00126	0.00519	0.14825	0.07593	0.03391	0.03431	0.07351	0.04639	0.09528	0.02917	0.04017	0.02066	0.05252	0.0251	0.02963	0.00392	0.01029	0.01613	0.00166	0.00083	0.00317	0.0003	0.00388	0.07294	0.03825	0.00824	0.01287	0.02868	0.01071	0.03351	0.00561	0.01174	0.00248	0.00351	0.00683	0.00442	0.00052	0.00317	0.00247	0	0.00006	0.00257
2003	1	1	3	0	1	1	52	9	0	0.00016	0.01887	0.61473	0.01414	0.00693	0.00484	0.00961	0.00441	0.0041	0.00512	0.00221	0.00276	0.00221	0.00102	0.00307	0.00102	0.00118	0.00102	0	0	0	0.00063	0.01768	0.23438	0.0206	0.00197	0.00228	0.00221	0.00607	0.00087	0.0026	0.00173	0.00347	0.00347	0.00189	0.00087	0	0.00087	0.00102	0	0
2004	1	1	3	0	1	1	52	33	0	0.00099	0.00483	0.02117	0.32677	0.07346	0.02548	0.03422	0.05385	0.02661	0.03364	0.01354	0.01335	0.00763	0.01656	0.01126	0.00744	0.00654	0.0117	0.00401	0.00143	0	0	0.00313	0.01417	0.20207	0.02458	0.0176	0.00118	0.00983	0.01118	0.00368	0.00148	0.00346	0	0.00203	0.00074	0.00074	0.00434	0.00203	0	0.00327
2005	1	1	3	0	1	1	52	15	0	0.00082	0	0.05207	0.11353	0.4349	0.04918	0.01954	0.02939	0.01235	0.00348	0.00256	0.0001	0.00985	0.0098	0.00251	0.00256	0.00005	0.00251	0	0	0	0	0	0.03266	0.0368	0.14335	0.02588	0.00343	0.00251	0.00343	0	0	0	0.00082	0.00251	0	0	0	0	0	0.00343
# new data for 2015 update
#year	season	type	gender	part	errmat	Lbinlo	LbinHi	#samples	1	2	3	4	5	6	7	8	9	10	11	12	13	14	15	16	17	18	19	20	plus	1	2	3	4	5	6	7	8	9	10	11	12	13	14	15	16	17	18	19	20	plus
2007	1	1	3	0	1	1	52	21	0	0	0	0.00791	0.01186	0.02174	0.02767	0.3004	0.22134	0.06522	0.00791	0.02372	0.01976	0.01779	0.00988	0.00593	0.00593	0.00395	0.00198	0.00395	0.00593	0	0	0.00395	0.00198	0.00198	0.00198	0.00988	0.09091	0.06917	0.02174	0.00593	0.00791	0.00593	0	0.00593	0.00198	0.00395	0	0	0	0.00395
2008	1	1	3	0	1	1	52	24	0	0	0	0	0.03283	0.00897	0.04885	0.03108	0.68929	0.04218	0.00763	0.00121	0.00017	0.0068	0	0.00058	0.0015	0.00092	0.00213	0.00092	0.0015	0	0	0	0	0.01702	0.00375	0.02015	0.00104	0.0675	0.0108	0.00317	0	0	0	0	0	0	0	0	0	0
2009	1	1	3	0	1	1	52	27	0	0	0	0.00281	0.03094	0.18847	0.07314	0.12377	0.01969	0.32771	0.02954	0.00563	0.00985	0.01547	0.00563	0.00422	0.00141	0.00563	0.00141	0	0.00422	0	0	0	0.00141	0.00422	0.03657	0.00985	0.02813	0.00422	0.04923	0.00985	0.00281	0.00141	0.00141	0	0.00141	0	0	0	0	0
2010	1	1	3	0	1	1	52	9	0	0	0	0	0	0.00662	0.00662	0.01325	0.06954	0.05629	0.4404	0.22185	0.05298	0.02649	0.02649	0.01656	0.00331	0	0	0	0.00993	0	0	0	0	0	0	0.00993	0	0.00331	0.00993	0.01325	0.01325	0	0	0	0	0	0	0	0	0
2011	1	1	3	0	1	1	52	3	0	0.33333	0	0	0	0	0	0	0.22222	0	0	0.22222	0	0	0	0	0	0	0	0	0	0	0.22222	0	0	0	0	0	0	0	0	0	0	0	0	0	0	0	0	0	0	0
2012	1	1	3	0	1	1	52	15	0	0	0.016	0.04623	0.0134	0.01405	0.0162	0.092	0.13213	0.03105	0.0475	0.014	0.26862	0.01126	0	0.00819	0.00105	0	0	0	0	0	0.00817	0.00307	0	0.00105	0.00412	0.00603	0.01899	0.04799	0.03176	0.02571	0.04532	0.08062	0.01133	0.00416	0	0	0	0	0	0
#																																																		
#																																																		
#									Hook-line - females																					Hook-line males																				
#Hook and Line								# samples	1	2	3	4	5	6	7	8	9	10	11	12	13	14	15	16	17	18	19	20	plus	1	2	3	4	5	6	7	8	9	10	11	12	13	14	15	16	17	18	19	20	plus
1985	1	2	3	0	1	1	52	1	0	0	0	0	0	0.04536	0.05328	0.19343	0.05236	0.11135	0.05757	0.2199	0.01276	0.10755	0.01731	0.05256	0.01011	0.00383	0	0.0445	0.01204	0	0	0	0	0	0	0	0.00179	0	0	0	0	0.00086	0.00343	0	0	0	0	0	0	0
1986	1	2	3	0	1	1	52	3	0	0	0.00204	0.00148	0	0.03329	0.04987	0.02766	0.1301	0.09393	0.15182	0.082	0.19844	0.00591	0.07306	0.04547	0.0265	0.0038	0.04702	0.00225	0.00148	0.00004	0	0	0	0	0	0.00732	0	0	0.00394	0.00183	0.00028	0.00232	0.00408	0.0019	0.00014	0.00204	0	0	0	0
1987	1	2	3	0	1	1	52	7	0	0.02078	0	0.01888	0	0	0.00618	0.46082	0.0254	0.0622	0.0127	0.0876	0.0127	0	0	0	0.0622	0	0.0622	0	0.00618	0	0	0	0.03158	0	0	0	0	0	0	0	0.00618	0	0	0	0	0.0622	0	0.0622	0	0
1990	1	2	3	0	1	1	52	11	0	0	0	0.1	0	0.6	0.3	0	0	0	0	0	0	0	0	0	0	0	0	0	0	0	0	0	0	0	0	0	0	0	0	0	0	0	0	0	0	0	0	0	0	0
1991	1	2	3	0	1	1	52	17	0	0.00476	0.01476	0.02609	0.08713	0.10463	0.33351	0.06743	0.02424	0.02449	0.02101	0.02871	0	0.01271	0.00142	0.00539	0	0.00273	0	0	0	0	0.00057	0.01381	0.02257	0.04766	0.02672	0.06108	0.0148	0	0.0044	0.00532	0.01512	0	0.00692	0	0.00791	0	0.0099	0	0.00419	0
1992	1	2	3	0	1	1	52	38	0	0	0.0014	0.03133	0.07605	0.13621	0.0988	0.22181	0.05191	0.01575	0.02486	0.03549	0.02768	0.02943	0.00976	0.00214	0.00497	0.00063	0.008	0.0009	0.01247	0	0.00099	0.00055	0.01498	0.04606	0.03756	0.02124	0.03045	0.00864	0.00296	0.01137	0.01003	0.00167	0.00978	0.00704	0.00023	0.00298	0.00272	0.00049	0	0.00066
1993	1	2	3	0	1	1	52	20	0	0	0.06322	0.28475	0.18681	0.18307	0.08329	0.03099	0.04344	0.00095	0.00031	0.00033	0.00986	0.00056	0.00009	0.00034	0.00006	0.00036	0.00041	0.00009	0.00029	0	0	0.00892	0.03631	0.00024	0.00054	0.01886	0.01789	0.00957	0.00017	0.00014	0.00892	0.00008	0.00002	0.00879	0.00005	0	0.00002	0.0003	0	0
1994	1	2	3	0	1	1	52	11	0	0	0.00204	0.01527	0.05033	0.06699	0.12842	0.13083	0.12713	0.22705	0.03146	0.00527	0.02674	0.02452	0.01832	0.00342	0	0	0.00379	0	0.00629	0	0	0	0.0049	0.00981	0.00833	0.01471	0.0049	0.01739	0.04386	0.00972	0	0.0049	0	0.0049	0	0	0	0	0	0.0087
1995	1	2	3	0	1	1	52	8	0	0	0.00187	0.01532	0.02451	0.15618	0.20948	0.10585	0.06084	0.01692	0.0284	0.00986	0	0.00475	0	0.00403	0	0	0.00029	0.00073	0	0	0	0	0	0.05106	0.06784	0.07469	0.05575	0.02552	0.01207	0.02556	0.00579	0	0.01021	0.00402	0	0.00402	0	0.00029	0.00873	0.01542
1996	1	2	3	0	1	1	52	11	0	0	0.00672	0.0158	0.08338	0.10917	0.13115	0.12225	0.13751	0.06567	0.0743	0.0743	0.0139	0.00463	0	0	0	0	0.00427	0.00463	0	0	0	0	0.00336	0.01008	0	0.00672	0.01553	0.01035	0.08919	0.00854	0.00854	0	0	0	0	0	0	0	0	0
1997	1	2	3	0	1	1	52	10	0	0	0.04794	0.20447	0.08564	0.13285	0.15286	0.08235	0.08854	0.03996	0.0217	0.02629	0.01015	0.00295	0.00769	0.00139	0	0.00729	0.00711	0	0.00121	0	0.01006	0.02013	0.00768	0	0.01006	0.00768	0	0	0.00057	0	0.00768	0	0.00768	0	0.00809	0	0	0	0	0
-1998	1	2	3	0	1	1	52	1	0	0	0.00213	0.02347	0.05733	0.06901	0.06024	0.08737	0.13578	0.15112	0.08453	0.04459	0.03388	0.02155	0.005	0.00189	0.00189	0.00402	0.00991	0	0.00927	0	0	0	0	0	0.01595	0.00601	0.02622	0.035	0.02812	0.02959	0.01547	0.00991	0.01179	0.01004	0.00189	0.00301	0.00213	0.00189	0	0
-1999	1	2	3	0	1	1	52	1	0	0	0	0.04742	0.08607	0.37575	0.09088	0.0561	0.0608	0.0513	0.07462	0.0102	0.00748	0.00669	0.00669	0	0.00079	0	0	0	0	0	0	0	0	0.00739	0.05183	0.00942	0.01883	0.00079	0.00942	0	0.01338	0.00669	0.00079	0.00669	0	0	0	0	0	0
-2000	1	2	3	0	1	1	52	1	0	0.00132	0.02549	0.0523	0.09041	0.13052	0.10797	0.0791	0.05472	0.09137	0.01976	0.03555	0.00624	0.00059	0.00566	0.0152	0	0	0.00059	0	0	0	0	0	0.01373	0.01241	0.05369	0.01579	0.01711	0.02931	0.03335	0.02255	0.0282	0.01579	0.01645	0	0.01241	0	0	0	0	0.01241
-2001	1	2	3	0	1	1	52	1	0	0	0	0.00172	0.01954	0.01552	0.01753	0.10458	0.04813	0.07298	0.04295	0.00172	0.01451	0.01451	0.00891	0.00891	0	0	0	0	0.00891	0	0	0	0.00891	0.01781	0.04683	0.09869	0.12771	0.03793	0.08648	0.04683	0.02902	0.05804	0	0.01451	0.02342	0	0.02342	0	0	0
-2002	1	2	3	0	1	1	52	1	0	0	0.02632	0	0.05263	0	0.05263	0.05263	0.02632	0	0	0	0	0	0	0.02632	0	0.02632	0	0	0	0	0	0	0	0	0.07895	0	0.10526	0.18421	0.13158	0.07895	0.10526	0	0.02632	0	0	0.02632	0	0	0	0
#																																																		
#																																																		
#									Net - females																					net - males																				
#Net								# samples	1	2	3	4	5	6	7	8	9	10	11	12	13	14	15	16	17	18	19	20	plus	1	2	3	4	5	6	7	8	9	10	11	12	13	14	15	16	17	18	19	20	plus
-1983	1	3	3	0	1	1	52	-1	0	0	0	0	0.02676	0.04003	0.09744	0.18161	0.13584	0.15997	0.09485	0.05798	0.01296	0.08973	0	0.0265	0	0	0	0	0	0	0	0	0	0	0.01353	0	0.03788	0	0.02491	0	0	0	0	0	0	0	0	0	0	0
1984	1	3	3	0	1	1	52	7	0	0	0	0	0	0	0.10225	0.10225	0.23027	0.23108	0.14895	0.05153	0	0.05636	0.02576	0	0.01047	0	0	0.04106	0	0	0	0	0	0	0	0	0	0	0	0	0	0	0	0	0	0	0	0	0	0
1985	1	3	3	0	1	1	52	36	0	0	0	0	0.0004	0.04985	0.03887	0.06337	0.05768	0.11556	0.11659	0.18543	0.13259	0.06512	0.02013	0.01098	0.04088	0.0085	0.02041	0.00005	0.00264	0	0	0	0.00033	0	0.00323	0.00046	0.00367	0.00463	0.00705	0.00807	0.00897	0.0089	0.00199	0	0.0041	0.00195	0	0.00965	0.00523	0.00269
1986	1	3	3	0	1	1	52	41	0	0.00039	0.0003	0.00022	0.00023	0.01824	0.10149	0.0392	0.1235	0.14438	0.12603	0.08913	0.05311	0.01379	0.07571	0.0592	0.02077	0.03545	0.00555	0.00722	0.02524	0	0	0	0.00006	0.00006	0.00502	0.00612	0.00573	0.01498	0.00355	0.00317	0.0015	0.00735	0.00351	0.00049	0.00555	0	0.00269	0.00026	0.00057	0.00026
1987	1	3	3	0	1	1	52	63	0	0	0.00408	0.0086	0.02549	0.02475	0.06117	0.20162	0.06769	0.03134	0.10648	0.17654	0.04042	0.0921	0.00948	0.01664	0.01234	0.00956	0	0.00945	0.00641	0.00019	0	0.00204	0.00496	0.00241	0.00048	0.00582	0.03464	0.00774	0.00259	0.00245	0.01552	0.00274	0.01393	0	0.00007	0.00019	0	0	0.00007	0
1988	1	3	3	0	1	1	52	42	0	0	0.00067	0.1144	0.00112	0.00482	0.02916	0.03724	0.14749	0.04565	0.03701	0.07402	0.26009	0.00213	0.04172	0	0.02535	0	0.01009	0	0.07133	0	0.00101	0	0.04744	0.00101	0.00168	0	0.00168	0.00594	0.00202	0	0.00112	0.0323	0.00112	0.00101	0	0	0.00135	0	0	0
1989	1	3	3	0	1	1	52	68	0	0	0.00031	0.04789	0.41627	0	0.00348	0.00234	0.03069	0.33092	0.00052	0.03721	0.01504	0.04579	0.01175	0.01738	0.00009	0	0.01224	0	0	0	0	0	0.00006	0.01467	0.00003	0	0.00003	0.00031	0.00065	0	0.00003	0.00043	0	0.01153	0	0.00012	0.00022	0	0	0
1990	1	3	3	0	1	1	52	79	0	0.00227	0.00965	0.01093	0.0132	0.27502	0.04884	0.00185	0.00554	0.12338	0.09399	0.04657	0.01903	0.0389	0.06318	0.00014	0.03748	0.00043	0	0	0.00014	0	0	0.00099	0.00426	0.00114	0.05594	0.00852	0.04089	0.00057	0.00781	0.00753	0.04572	0.00142	0.0017	0.00838	0.00199	0.00227	0.00014	0.00014	0.00057	0.01945
1991	1	3	3	0	1	1	52	7	0	0	0.01502	0.01502	0.08834	0.11352	0.40592	0.08216	0	0.02606	0.00221	0.01193	0	0.00928	0	0.02385	0	0	0	0	0	0	0	0.03004	0.00221	0.04373	0.01413	0.06537	0.00707	0	0	0	0.03224	0	0	0	0	0	0.01193	0	0	0
-1992	1	3	3	0	1	1	52	1	0	0	0	0.01552	0.06707	0.03244	0.08285	0.26658	0.07167	0.01541	0.07176	0.04182	0.03368	0.0175	0.01385	0.01981	0.02353	0.01624	0.01472	0	0.00251	0	0	0.00048	0.01162	0.00295	0.01433	0.02943	0.07371	0.00964	0.00145	0	0.016	0.00531	0.00491	0.01054	0	0.00645	0.00075	0.00546	0	0
1993	1	3	3	0	1	1	52	12	0	0	0	0.01679	0.03743	0.04886	0.10278	0.11866	0.28306	0.04927	0.02559	0.05382	0.05969	0.05412	0.01487	0.02802	0.00344	0.01325	0	0	0	0	0	0.00233	0.00465	0.017	0.01254	0.00718	0.00799	0.02226	0	0	0.00303	0	0	0.00132	0.00223	0	0.00981	0	0	0
1994	1	3	3	0	1	1	52	9	0	0	0	0	0.01278	0.07036	0.10557	0.13574	0.12117	0.23743	0.02058	0.02415	0.05076	0.04652	0.01438	0.00504	0.0153	0.00719	0	0	0	0	0	0.00633	0.00922	0.00596	0.00547	0.01008	0.02065	0.00922	0.03343	0	0	0	0	0.00811	0.01997	0	0	0	0	0.00461
1995	1	3	3	0	1	1	52	3	0	0	0	0	0.0212	0.0212	0.0424	0.09385	0.0212	0.16669	0.30604	0.05738	0.03618	0.05955	0.04381	0.04787	0.03072	0.03072	0	0	0	0	0	0	0	0	0	0	0	0	0.0212	0	0	0	0	0	0	0	0	0	0	0
1996	1	3	3	0	1	1	52	2	0	0	0	0	0.03388	0	0.03388	0.13553	0.11862	0.08474	0.06776	0.23737	0	0.03388	0	0.03388	0.06783	0.05092	0.05086	0	0.01697	0	0	0	0	0	0	0	0	0	0.03388	0	0	0	0	0	0	0	0	0	0	0
1997	1	3	3	0	1	1	52	2	0	0	0	0	0.05571	0	0.02455	0.09254	0.13598	0.23513	0.09537	0.16619	0	0.03683	0.03399	0	0.01228	0	0.01228	0	0	0	0	0	0	0	0	0	0.02172	0	0.02172	0	0.02172	0	0	0.01228	0	0	0	0	0	0.02172
1998	1	3	3	0	1	1	52	3	0	0	0	0	0	0	0.0377	0.06604	0.16985	0.11951	0.19811	0.0786	0.10374	0.11006	0	0	0	0	0.02513	0	0.00945	0	0	0	0	0	0	0.00945	0	0.02201	0	0	0.00945	0.03146	0.00945	0	0	0	0	0	0	0
#
#year	season	type	gender	part	errmat	Lbinlo	LbinHi	#samples	1	2	3	4	5	6	7	8	9	10	11	12	13	14	15	16	17	18	19	20	21	1	2	3	4	5	6	7	8	9	10	11	12	13	14	15	16	17	18	19	20	21
1983	1	5	3	0	1	1	52	20	0	0.00272	0.09673	0.17847	0.07901	0.02316	0.02724	0.00953	0.00681	0.00953	0.00136	0.00545	0.00545	0.00408	0.00681	0.00272	0.00136	0	0	0	0.00272	0	0.00408	0.07901	0.23024	0.0831	0.02861	0.02179	0.02997	0.01498	0.00817	0.00545	0.00545	0.00408	0.00272	0.00817	0.00136	0.00136	0	0	0.00136	0.00681
1992	1	5	3	0	1	1	52	28	0.0813	0.11788	0.07723	0.0813	0.06504	0.04065	0.00813	0.03658	0	0.00406	0.00813	0.00406	0.01626	0	0.00406	0	0	0	0	0	0.00406	0.08536	0.10162	0.07723	0.05284	0.03252	0.00406	0.00813	0.04065	0	0.00813	0	0.00813	0.00813	0	0.01219	0.00813	0	0.00406	0	0	0
1998	1	5	3	0	1	1	52	43	0.02517	0.04576	0.06636	0.0183	0.07322	0.02746	0.02288	0.01601	0.0183	0.06636	0.01601	0.02746	0.00457	0.00686	0.00457	0.00228	0.00457	0	0	0.00228	0.00228	0.02746	0.04805	0.04347	0.03203	0.06865	0.02288	0.04347	0.03203	0.0389	0.06407	0.05034	0.03203	0.00686	0.00686	0.00915	0.00686	0.00457	0.00228	0.00457	0	0.00457
2001	1	5	3	0	1	1	52	46	0.05567	0.17732	0.03711	0.01855	0.03711	0.05773	0.02474	0.02268	0.00412	0.02061	0.00618	0.02061	0.00412	0.01031	0.00618	0.00412	0.00412	0	0	0.00412	0.00412	0.05979	0.16494	0.03711	0.01855	0.01237	0.0536	0.0268	0.04536	0.01649	0.01031	0.00206	0.00206	0.01443	0.00824	0	0.00412	0.00206	0.00206	0	0	0


# combo survey
#year	season	type	gender	part	errmat	Lbinlo	LbinHi	#samples	1	2	3	4	5	6	7	8	9	10	11	12	13	14	15	16	17	18	19	20	21	1	2	3	4	5	6	7	8	9	10	11	12	13	14	15	16	17	18	19	20	21
2004	1	6	3	0	1	1	52	79	0.05116	0.07041	0.04561	0.00241	0.30410	0.02337	0.01191	0.00445	0.01883	0.00351	0.00648	0.00036	0.00066	0.00000	0.00015	0.00000	0.00083	0.00041	0.00000	0.00005	0.00011	0.04695	0.03601	0.06583	0.01059	0.24146	0.02737	0.02189	0.00078	0.00130	0.00000	0.00037	0.00037	0.00000	0.00000	0.00050	0.00082	0.00053	0.00037	0.00000	0.00005	0.00000
2006	1	6	3	0	1	1	52	68	0.00093	0.00977	0.06893	0.00942	0.04112	0.00985	0.21720	0.03947	0.00861	0.00094	0.01745	0.00943	0.00914	0.00034	0.00012	0.00008	0.00359	0.00560	0.00000	0.00000	0.00023	0.00083	0.00558	0.05537	0.06580	0.03992	0.01264	0.23115	0.10689	0.02607	0.00000	0.00015	0.00000	0.00009	0.00321	0.00000	0.00008	0.00000	0.00000	0.00000	0.00000	0.00000
2008	1	6	3	0	1	1	52	80	0.01959	0.00170	0.00218	0.01662	0.05900	0.00678	0.01620	0.00461	0.33240	0.01783	0.00022	0.00000	0.03040	0.00170	0.00386	0.00099	0.00180	0.00000	0.00162	0.00083	0.00179	0.02622	0.00989	0.01087	0.02380	0.09340	0.03365	0.03386	0.02500	0.16862	0.01667	0.01398	0.00077	0.02251	0.00016	0.00049	0.00000	0.00000	0.00000	0.00000	0.00000	0.00000
2010	1	6	3	0	1	1	52	106	0.22787	0.05341	0.07275	0.00593	0.00355	0.01070	0.01936	0.00630	0.01593	0.01950	0.07768	0.00200	0.00016	0.00000	0.00145	0.00000	0.00114	0.00000	0.00000	0.00000	0.00000	0.27674	0.04893	0.03475	0.00127	0.00513	0.01064	0.02897	0.01621	0.00833	0.00953	0.03443	0.00734	0.00000	0.00000	0.00000	0.00000	0.00000	0.00000	0.00000	0.00000	0.00000
2012	1	6	3	0	1	1	52	103	0.03678	0.19865	0.14359	0.02736	0.04659	0.00076	0.02024	0.02418	0.00578	0.00399	0.00286	0.00783	0.02851	0.00104	0.00158	0.00143	0.00017	0.00006	0.00000	0.00000	0.00000	0.06250	0.11427	0.19457	0.00263	0.00697	0.00197	0.00041	0.00129	0.00543	0.00920	0.00691	0.00270	0.01671	0.02143	0.00024	0.00013	0.00000	0.00000	0.00000	0.00000	0.00125
#

#
# MEAN SIZE-AT-AGE
# ----------------
-1	#_number of size-at-age observations; negative value excludes from likelihood
# ENVIRONMENTAL DATA
# ------------------
0	#_number of environmental variables
0	#_number of environmental observations
0 	# no wtfreq data
0 	# no tag data
0 	# no morphcomp data

#
999	#_end of data file
