#Title, #runnumber: 11 petrale15.dat petrale15.ctl 1180.31 31629.4 9396.46 StartTime: Tue Jul 12 11:28:46 2016
SSv3_default_rebuild.dat
# Number of sexes
2
# Age range to consider (minimum age; maximum age)
0 40
# Number of fleets
4
# First year of projection (Yinit)
2015
# First Year of rebuilding period (Ydecl)
2013
# Number of simulations
1000
# Maximum number of years
500
# Conduct projections with multiple starting values (0=No;else yes)
0
# Number of parameter vectors
1000
# Is the maximum age a plus-group (1=Yes;2=No)
1
# Generate future recruitments using historical recruitments (1)  historical recruits/spawner (2)  or a stock-recruitment (3)
3
# Constant fishing mortality (1) or constant Catch (2) projections
1
# Fishing mortality based on SPR (1) or actual rate (2)
1
# Pre-specify the year of recovery (or -1) to ignore
-1
# Fecundity-at-age
# 0 1 2 3 4 5 6 7 8 9 10 11 12 13 14 15 16 17 18 19 20 21 22 23 24 25 26 27 28 29 30 31 32 33 34 35 36 37 38 39 40 #runnumber: 11 petrale15.dat petrale15.ctl 1180.31 31629.4 9396.46
 0 0 0 0.00043673 0.018174 0.123137 0.339809 0.592627 0.822877 1.02943 1.22457 1.41183 1.58994 1.75716 1.9123 2.05483 2.18467 2.30214 2.40887 2.50453 2.58946 2.66469 2.73129 2.79006 2.84174 2.88706 2.92675 2.96149 2.99185 3.01837 3.04152 3.06171 3.07929 3.0946 3.10793 3.11952 3.12959 3.13835 3.14596 3.15257 3.16253 #female fecundity; weighted by N in year Y_init across morphs and areas
# Age specific selectivity and weight adjusted for discard and discard mortality
 #wt and selex for gender,fleet: 1 1
 0.00220553 0.0356301 0.1625 0.322186 0.480061 0.628062 0.769164 0.908434 1.05026 1.19776 1.35256 1.51397 1.67769 1.83663 1.98518 2.12132 2.24496 2.35691 2.45808 2.54829 2.62821 2.69901 2.76161 2.81674 2.86515 2.90757 2.9447 2.97718 3.00556 3.03034 3.05196 3.0708 3.08721 3.1015 3.11393 3.12473 3.13413 3.14229 3.14938 3.15554 3.16483
 0 1.09316e-008 8.03503e-006 0.000694274 0.0100708 0.0549615 0.168008 0.353223 0.572782 0.769801 0.904167 0.971541 0.994597 0.999417 0.99997 1 1 1 1 1 1 1 1 1 1 1 1 1 1 1 1 1 1 1 1 1 1 1 1 1 1
 #wt and selex for gender,fleet: 1 2
 0.00220553 0.0189713 0.0833023 0.196945 0.340206 0.499655 0.667894 0.841 1.01638 1.19174 1.36475 1.53312 1.69473 1.84784 1.9912 2.12398 2.2459 2.35727 2.45823 2.54835 2.62824 2.69902 2.76161 2.81674 2.86515 2.90757 2.9447 2.97718 3.00556 3.03034 3.05196 3.0708 3.08721 3.1015 3.11393 3.12473 3.13413 3.14229 3.14938 3.15554 3.16483
 0 0.000439433 0.00339359 0.0185963 0.0601229 0.137313 0.248015 0.380182 0.517782 0.646382 0.756264 0.843026 0.906578 0.949582 0.976054 0.990391 0.996817 0.998982 0.999651 0.999883 0.99996 0.999986 0.999995 0.999998 0.999999 1 1 1 1 1 1 1 1 1 1 1 1 1 1 1 1
 #wt and selex for gender,fleet: 1 3
 0.00220553 0.0216893 0.0919041 0.200019 0.325442 0.460688 0.606419 0.766677 0.943222 1.1308 1.31962 1.50222 1.67502 1.83629 1.98516 2.12132 2.24496 2.35691 2.45808 2.54829 2.62821 2.69901 2.76161 2.81674 2.86515 2.90757 2.9447 2.97718 3.00556 3.03034 3.05196 3.0708 3.08721 3.1015 3.11393 3.12473 3.13413 3.14229 3.14938 3.15554 3.16483
 0 0.000822447 0.0126715 0.088845 0.278162 0.53903 0.773783 0.919606 0.981076 0.997415 0.999832 0.999996 1 1 1 1 1 1 1 1 1 1 1 1 1 1 1 1 1 1 1 1 1 1 1 1 1 1 1 1 1
 #wt and selex for gender,fleet: 1 4
 0.00220553 0.0205537 0.088048 0.196293 0.325176 0.465611 0.615542 0.77635 0.949576 1.13316 1.32005 1.50225 1.67502 1.83629 1.98516 2.12132 2.24496 2.35691 2.45808 2.54829 2.62821 2.69901 2.76161 2.81674 2.86515 2.90757 2.9447 2.97718 3.00556 3.03034 3.05196 3.0708 3.08721 3.1015 3.11393 3.12473 3.13413 3.14229 3.14938 3.15554 3.16483
 0 0.00112638 0.0130592 0.0804 0.243011 0.475893 0.705962 0.872289 0.95994 0.991819 0.99906 0.999951 0.999999 1 1 1 1 1 1 1 1 1 1 1 1 1 1 1 1 1 1 1 1 1 1 1 1 1 1 1 1
 #wt and selex for gender,fleet: 2 1
 0.00243716 0.0173912 0.177812 0.28727 0.375219 0.449207 0.515264 0.578362 0.641109 0.703007 0.761595 0.814503 0.860537 0.899596 0.93221 0.959161 0.981277 0.999466 1.01438 1.02648 1.03628 1.0442 1.05059 1.05575 1.05991 1.06326 1.06596 1.06813 1.06988 1.07128 1.07241 1.07332 1.07405 1.07464 1.07511 1.07549 1.07579 1.07604 1.07624 1.07639 1.07658
 0 3.98479e-009 2.68908e-007 0.000455602 0.0191652 0.137239 0.386601 0.65188 0.833699 0.928234 0.970155 0.987425 0.994444 0.997372 0.998655 0.999252 0.99955 0.99969 0.999759 0.999803 0.999833 0.999854 0.999869 0.99988 0.999888 0.999894 0.999899 0.999903 0.999906 0.999908 0.99991 0.999911 0.999912 0.999913 0.999914 0.999914 0.999915 0.999915 0.999915 0.999915 0.999916
 #wt and selex for gender,fleet: 2 2
 0.00243716 0.032569 0.120611 0.223744 0.324721 0.418057 0.502898 0.579748 0.649552 0.713019 0.770259 0.821023 0.865154 0.902815 0.93448 0.960805 0.982509 1.00045 1.01522 1.02722 1.03695 1.04481 1.05117 1.05629 1.06043 1.06376 1.06644 1.0686 1.07034 1.07174 1.07286 1.07377 1.07449 1.07508 1.07555 1.07592 1.07623 1.07647 1.07667 1.07682 1.07701
 0 1.98817e-008 3.60727e-005 0.00305352 0.0365739 0.153207 0.352347 0.568008 0.740953 0.85468 0.920717 0.95654 0.97548 0.985534 0.990997 0.994071 0.995871 0.996867 0.997432 0.997817 0.998087 0.998282 0.998425 0.998531 0.998612 0.998674 0.998722 0.99876 0.998789 0.998812 0.99883 0.998845 0.998856 0.998865 0.998873 0.998879 0.998883 0.998887 0.99889 0.998892 0.998895
 #wt and selex for gender,fleet: 2 3
 0.00243716 0.0498568 0.107331 0.158619 0.2295 0.324793 0.425675 0.521775 0.609281 0.686663 0.75364 0.81068 0.858658 0.898628 0.931679 0.958849 0.981081 0.999326 1.01427 1.02638 1.03619 1.04412 1.05053 1.05569 1.05985 1.06321 1.06591 1.06808 1.06983 1.07123 1.07236 1.07327 1.074 1.07459 1.07506 1.07544 1.07575 1.07599 1.07619 1.07635 1.07654
 0 4.07253e-006 0.0413774 0.5684 0.945254 0.997043 0.999902 0.999998 1 1 1 1 1 1 1 1 1 1 1 1 1 1 1 1 1 1 1 1 1 1 1 1 1 1 1 1 1 1 1 1 1
 #wt and selex for gender,fleet: 2 4
 0.00243716 0.0308323 0.0969222 0.17309 0.249975 0.334283 0.427918 0.52211 0.609318 0.686667 0.753641 0.81068 0.858658 0.898628 0.931679 0.958849 0.981081 0.999326 1.01427 1.02638 1.03619 1.04412 1.05053 1.05569 1.05985 1.06321 1.06591 1.06808 1.06983 1.07123 1.07236 1.07327 1.074 1.07459 1.07506 1.07544 1.07575 1.07599 1.07619 1.07635 1.07654
 0 7.08877e-005 0.0181993 0.245236 0.676668 0.924587 0.98897 0.998831 0.999898 0.999992 0.999999 1 1 1 1 1 1 1 1 1 1 1 1 1 1 1 1 1 1 1 1 1 1 1 1 1 1 1 1 1 1
# M and current age-structure in year Yinit: 2015
 # gender = 1
 0.159685 0.159685 0.159685 0.159685 0.159685 0.159685 0.159685 0.159685 0.159685 0.159685 0.159685 0.159685 0.159685 0.159685 0.159685 0.159685 0.159685 0.159685 0.159685 0.159685 0.159685 0.159685 0.159685 0.159685 0.159685 0.159685 0.159685 0.159685 0.159685 0.159685 0.159685 0.159685 0.159685 0.159685 0.159685 0.159685 0.159685 0.159685 0.159685 0.159685 0.159685
 8197.58 6909.74 5643.06 4431.5 3367.95 2748.87 3661.76 3730.37 2150.42 1375.86 675.037 393.857 202.527 157.846 77.7816 41.7492 30.9317 21.0377 4.22626 2.40792 0.919983 0.584243 0.270077 0.0559997 0.0526116 0.0283189 0.0128418 0.00370351 0.00101556 0.000236222 0.00014164 8.56673e-005 2.11544e-005 7.57622e-006 3.86321e-006 2.18305e-006 9.49878e-007 4.8405e-007 3.43009e-007 1.8172e-007 1.37681e-007
 # gender = 2
 0.170065 0.170065 0.170065 0.170065 0.170065 0.170065 0.170065 0.170065 0.170065 0.170065 0.170065 0.170065 0.170065 0.170065 0.170065 0.170065 0.170065 0.170065 0.170065 0.170065 0.170065 0.170065 0.170065 0.170065 0.170065 0.170065 0.170065 0.170065 0.170065 0.170065 0.170065 0.170065 0.170065 0.170065 0.170065 0.170065 0.170065 0.170065 0.170065 0.170065 0.170065
 8197.58 6838.39 5527.64 4294.95 3197.07 2559.79 3312.59 3166.41 1688.26 1008.01 452.483 230.965 102.851 72.0326 33.1909 17.131 12.3061 7.99271 1.50431 0.806133 0.296887 0.185903 0.0846926 0.0168382 0.0142115 0.00714266 0.00302863 0.000775293 0.000192261 4.43709e-005 2.95151e-005 1.99366e-005 5.46364e-006 2.09846e-006 1.19441e-006 7.2754e-007 3.07197e-007 1.49678e-007 1.05837e-007 5.67215e-008 4.43725e-008
# Age-structure at Ydeclare= 2013
 7767.06 6105.57 4667.05 3876.2 5350.48 5769.77 3584.59 2489.93 1317.6 814.905 435.149 346.345 172.499 93.0734 69.1216 47.0546 9.45532 5.38759 2.05847 1.30726 0.604305 0.125301 0.11772 0.0633646 0.0287341 0.00828675 0.00227234 0.000528556 0.000316925 0.000191684 4.73337e-005 1.69521e-005 8.64408e-006 4.88466e-006 2.12539e-006 1.08308e-006 7.67495e-007 4.06605e-007 1.55743e-007 7.59435e-008 7.63782e-008
 7767.06 6042.53 4571.55 3759.79 5142.71 5452.88 3257.82 2113.58 993.558 518.317 233.028 163.886 75.6578 39.0855 28.0906 18.2493 3.43518 1.84099 0.678044 0.424589 0.193437 0.0384589 0.0324599 0.0163144 0.00691768 0.00177086 0.000439149 0.000101349 6.74165e-005 4.5538e-005 1.24798e-005 4.7932e-006 2.72821e-006 1.66181e-006 7.01687e-007 3.41888e-007 2.41749e-007 1.29561e-007 5.02793e-008 2.49128e-008 2.61617e-008
# Year for Tmin Age-structure (set to Ydecl by SS)
2013
#  recruitment and biomass
# Number of historical assessment years
141
# Historical data
# year recruitment spawner in B0 in R project in R/S project
1875  1876 1877 1878 1879 1880 1881 1882 1883 1884 1885 1886 1887 1888 1889 1890 1891 1892 1893 1894 1895 1896 1897 1898 1899 1900 1901 1902 1903 1904 1905 1906 1907 1908 1909 1910 1911 1912 1913 1914 1915 1916 1917 1918 1919 1920 1921 1922 1923 1924 1925 1926 1927 1928 1929 1930 1931 1932 1933 1934 1935 1936 1937 1938 1939 1940 1941 1942 1943 1944 1945 1946 1947 1948 1949 1950 1951 1952 1953 1954 1955 1956 1957 1958 1959 1960 1961 1962 1963 1964 1965 1966 1967 1968 1969 1970 1971 1972 1973 1974 1975 1976 1977 1978 1979 1980 1981 1982 1983 1984 1985 1986 1987 1988 1989 1990 1991 1992 1993 1994 1995 1996 1997 1998 1999 2000 2001 2002 2003 2004 2005 2006 2007 2008 2009 2010 2011 2012 2013 2014 2015 #years (with first value representing R0)
17715.7 17716.3 17716.3 17716.4 17716.5 17716.6 17716.6 17716.5 17716.3 17716 17715.6 17715.2 17714.7 17714.2 17713.7 17713.2 17712.6 17712.1 17711.7 17711.2 17710.9 17710.6 17710.4 17710.4 17710.5 17710.8 17711.2 17711.9 17712.9 17714.1 17715.8 17717.8 17720.3 17723.3 17726.9 17731.1 17736.1 17742 17748.8 17756.7 17765.8 17776 17787.6 17798.8 17813.3 17831 17852.1 17874.2 17896.4 17920.8 17945.9 17973.4 18003.5 18034 18066.5 18099.7 18139.2 18190.9 18252.3 18338.1 18488.3 18757.5 19156.7 19657.3 20104.7 20063.5 19262.3 18030.5 16970.5 16652.5 17005.8 16763.2 15100.9 13447.6 12388.1 12116.2 12625.9 13668.1 14389.7 14706.1 14660.3 14432.1 14253.7 14281.4 14545.3 19215 18169.1 11737.2 12596.9 17615.7 16607.3 34378.8 14473.4 15281.9 14039 15088.7 14741.1 11840 10134.4 13054 13192 16793.2 15613.4 11122.6 11261.2 13342.6 11680.7 10534.3 12410.8 19747.8 11906.5 6921.59 10270.8 13470.3 17554.3 15199.3 11661.8 5440.94 12144.7 12236.3 8994.18 11061.4 9254.68 22351 16198.3 10942.1 10457 11393.5 8412.77 10195.6 11699.4 16879.3 19512.1 26026.3 20347.3 12525.2 12847.2 14325.4 15534.1 16212.2 16395.2  #recruits; first value is R0 (virgin)
31629.4  31629.6 31629 31628.4 31627.8 31627.3 31620.1 31606.5 31586.9 31561.8 31531.5 31496.7 31457.7 31414.9 31368.9 31319.9 31268.3 31214.4 31158.4 31100.7 31041.4 30980.8 30918.8 30855.8 30792 30727.4 30662.2 30596.4 30530.1 30463.4 30396.4 30329.1 30261.7 30194.1 30126.5 30058.8 29991.2 29923.7 29856.3 29789.2 29722.4 29656 29593.1 29448 29379.1 29376.8 29446.3 29477.3 29426.3 29377.9 29267.1 29167.7 29082.3 28936.7 28812.2 28645.6 28525.8 28411 28228.9 28047.5 27401.4 26812.7 26457.7 25788.4 25017.6 24016.1 23180.6 22615.8 21591.8 20643.6 20271.1 20068.8 19070.7 18437.4 16906.7 15433.2 13834.9 13222.1 12722 12392.6 11636.9 11030 10637.9 9940.81 9380.34 9156.17 8754.34 8053.76 7464.59 6914.51 6826.04 6972.1 7070.49 7000.39 7068.04 7310.28 7571.2 7980.41 8017.11 7997.1 7282.65 6490.05 5953.04 5595.54 4788.96 3999.59 3676.71 3513.54 3281.73 3109.59 3148.9 3192.09 3028.93 2630.97 2443.34 2323.78 2177.77 1778.38 1630.39 1763.74 2211.6 2615.86 2701.19 2564.29 2652.36 2873.61 2933.78 2984.42 3248.68 3936.43 4395.28 4233.35 4220.38 3969.6 3783.22 3587.11 4397.47 5650.07 7158.53 8492.66 9396.46 #spbio; first value is SPB_virgin (virgin)
1 0 0 0 0 0 0 0 0 0 0 0 0 0 0 0 0 0 0 0 0 0 0 0 0 0 0 0 0 0 0 0 0 0 0 0 0 0 0 0 0 0 0 0 0 0 0 0 0 0 0 0 0 0 0 0 0 0 0 0 0 0 0 0 0 0 0 0 0 0 0 0 0 0 0 0 0 0 0 0 0 0 0 0 0 0 0 0 0 0 0 0 0 0 0 0 0 0 0 0 0 0 0 0 0 0 0 0 0 0 0 0 0 0 0 0 0 0 0 0 0 0 0 0 0 0 0 0 0 0 0 0 0 0 0 0 0 0 0 0 0  # in Bzero
0 1 1 1 1 1 1 1 1 1 1 1 1 1 1 1 1 1 1 1 1 1 1 1 1 1 1 1 1 1 1 1 1 1 1 1 1 1 1 1 1 1 1 1 1 1 1 1 1 1 1 1 1 1 1 1 1 1 1 1 1 1 1 1 1 1 1 1 1 1 1 1 1 1 1 1 1 1 1 1 1 1 1 1 1 1 1 1 1 1 1 1 1 1 1 1 1 1 1 1 1 1 1 1 1 1 1 1 1 1 1 1 1 1 1 1 1 1 1 1 1 1 1 1 1 1 1 1 1 1 1 1 1 1 1 1 1 1  0 0 0 # in R project
0 1 1 1 1 1 1 1 1 1 1 1 1 1 1 1 1 1 1 1 1 1 1 1 1 1 1 1 1 1 1 1 1 1 1 1 1 1 1 1 1 1 1 1 1 1 1 1 1 1 1 1 1 1 1 1 1 1 1 1 1 1 1 1 1 1 1 1 1 1 1 1 1 1 1 1 1 1 1 1 1 1 1 1 1 1 1 1 1 1 1 1 1 1 1 1 1 1 1 1 1 1 1 1 1 1 1 1 1 1 1 1 1 1 1 1 1 1 1 1 1 1 1 1 1 1 1 1 1 1 1 1 1 1 1 1 1 1  0 0 0 # in R/S project
# Number of years with pre-specified catches
0
# catches for years with pre-specified catches go next
# Number of future recruitments to override
2
# Process for overiding (-1 for average otherwise index in data list)
2014 1 2014
2015 1 2015
# Which probability to product detailed results for (1=0.5; 2=0.6; etc.)
3
# Steepness sigma-R Auto-correlation
0.88015 0.4 0
# Target SPR rate (FMSY Proxy); manually change to SPR_MSY if not using SPR_target
0.3
# Discount rate (for cumulative catch)
0.1
# Truncate the series when 0.4B0 is reached (1=Yes)
0
# Set F to FMSY once 0.4B0 is reached (1=Yes)
0
# Maximum possible F for projection (-1 to set to FMSY)
-1
# Defintion of recovery (1=now only;2=now or before)
2
# Projection type
4
# Definition of the 40-10 rule
10 40
# Calculate coefficients of variation (1=Yes)
0
# Number of replicates to use
10
# Random number seed
-99004
# File with multiple parameter vectors 
rebuild.SSO
# User-specific projection (1=Yes); Output replaced (1->9)
0  5
# Catches and Fs (Year; 1/2/3 (F or C or SPR); value); Final row is -1
2015 1 1
-1 -1 -1
# Fixed catch project (1=Yes); Output replaced (1->9); Approach (-1=Read in else 1-9)
0 2 -1
# Split of Fs
2015  0.414019 0.338347 0.109981 0.137653
-1  1 1 1 1
# Yrs to define T_target for projection type 4 (a.k.a. 5 pre-specified inputs)
2020 2021 2022 2023 2024 
# Year for probability of recovery
2024 2025 2026 2027 2028 2029 2030 2031
# Time varying weight-at-age (1=Yes;0=No)
0
# File with time series of weight-at-age data
none
# Use bisection (0) or linear interpolation (1)
1
# Target Depletion
0.4
# CV of implementation error
0
