#Title, #runnumber: 11 petrale15.dat petrale15.ctl 1179.59 31078 8451.86 StartTime: Tue Jul 12 11:43:01 2016
SSv3_default_rebuild.dat
# Number of sexes
2
# Age range to consider (minimum age; maximum age)
0 40
# Number of fleets
4
# First year of projection (Yinit)
2015
# First Year of rebuilding period (Ydecl)
2013
# Number of simulations
1000
# Maximum number of years
500
# Conduct projections with multiple starting values (0=No;else yes)
0
# Number of parameter vectors
1000
# Is the maximum age a plus-group (1=Yes;2=No)
1
# Generate future recruitments using historical recruitments (1)  historical recruits/spawner (2)  or a stock-recruitment (3)
3
# Constant fishing mortality (1) or constant Catch (2) projections
1
# Fishing mortality based on SPR (1) or actual rate (2)
1
# Pre-specify the year of recovery (or -1) to ignore
-1
# Fecundity-at-age
# 0 1 2 3 4 5 6 7 8 9 10 11 12 13 14 15 16 17 18 19 20 21 22 23 24 25 26 27 28 29 30 31 32 33 34 35 36 37 38 39 40 #runnumber: 11 petrale15.dat petrale15.ctl 1179.59 31078 8451.86
 0 0 0 0.00105889 0.0270604 0.15173 0.376774 0.618951 0.836859 1.03661 1.22828 1.4142 1.59311 1.76325 1.9233 2.07245 2.21037 2.33702 2.45445 2.56114 2.65764 2.74462 2.82276 2.89276 2.95533 3.01115 3.06084 3.10502 3.14424 3.17902 3.20983 3.23709 3.26121 3.28251 3.30133 3.31794 3.3326 3.34552 3.35692 3.36696 3.38308 #female fecundity; weighted by N in year Y_init across morphs and areas
# Age specific selectivity and weight adjusted for discard and discard mortality
 #wt and selex for gender,fleet: 1 1
 0.00272942 0.0522345 0.185528 0.332233 0.484601 0.634665 0.781355 0.926056 1.07092 1.21833 1.3704 1.52775 1.68825 1.84726 1.99988 2.14293 2.2751 2.39712 2.50911 2.61062 2.70228 2.78475 2.85873 2.92493 2.98405 3.03672 3.08359 3.12522 3.16216 3.19489 3.22388 3.24952 3.27219 3.29221 3.3099 3.3255 3.33926 3.3514 3.36209 3.37152 3.38665
 0 2.68568e-008 1.93694e-005 0.000885522 0.0104271 0.0534651 0.160568 0.335735 0.54395 0.733975 0.870589 0.948469 0.983503 0.99582 0.999174 0.999876 0.999986 0.999998 0.999999 1 1 1 1 1 1 1 1 1 1 1 1 1 1 1 1 1 1 1 1 1 1
 #wt and selex for gender,fleet: 1 2
 0.00272942 0.0292972 0.105991 0.216903 0.355729 0.512777 0.681005 0.85547 1.03253 1.20928 1.38332 1.5526 1.71546 1.87061 2.01712 2.15441 2.28214 2.4015 2.51201 2.61254 2.70355 2.7856 2.85932 2.92535 2.98435 3.03695 3.08376 3.12536 3.16227 3.19499 3.22396 3.24959 3.27225 3.29227 3.30994 3.32554 3.3393 3.35143 3.36213 3.37155 3.38668
 0 0.00074947 0.00572638 0.0231317 0.0637882 0.134234 0.232652 0.349928 0.473745 0.592614 0.698257 0.786217 0.855335 0.906768 0.943012 0.967131 0.98221 0.99042 0.994557 0.996846 0.99812 0.99884 0.999258 0.999507 0.99966 0.999757 0.99982 0.999863 0.999893 0.999914 0.999929 0.99994 0.999948 0.999955 0.99996 0.999964 0.999967 0.99997 0.999972 0.999974 0.999976
 #wt and selex for gender,fleet: 1 3
 0.00272942 0.0340245 0.1162 0.22283 0.347142 0.482507 0.627564 0.784697 0.955758 1.13759 1.32286 1.50479 1.6794 1.8446 1.99927 2.14283 2.27509 2.39711 2.50911 2.61062 2.70228 2.78475 2.85873 2.92493 2.98405 3.03672 3.08359 3.12522 3.16216 3.19489 3.22388 3.24952 3.27219 3.29221 3.3099 3.3255 3.33926 3.3514 3.36209 3.37152 3.38665
 0 0.00114599 0.0196251 0.103703 0.290611 0.540085 0.764813 0.908306 0.973782 0.99476 0.99931 0.999944 0.999997 1 1 1 1 1 1 1 1 1 1 1 1 1 1 1 1 1 1 1 1 1 1 1 1 1 1 1 1
 #wt and selex for gender,fleet: 1 4
 0.00272942 0.0328228 0.114241 0.222992 0.352117 0.4938 0.64421 0.802448 0.969308 1.14471 1.32534 1.50535 1.67948 1.84461 1.99927 2.14283 2.27509 2.39711 2.50911 2.61062 2.70228 2.78475 2.85873 2.92493 2.98405 3.03672 3.08359 3.12522 3.16216 3.19489 3.22388 3.24952 3.27219 3.29221 3.3099 3.3255 3.33926 3.3514 3.36209 3.37152 3.38665
 0 0.00103059 0.0146957 0.0746722 0.21424 0.421185 0.640607 0.816668 0.925401 0.976624 0.994575 0.999102 0.999897 0.999992 1 1 1 1 1 1 1 1 1 1 1 1 1 1 1 1 1 1 1 1 1 1 1 1 1 1 1
 #wt and selex for gender,fleet: 2 1
 0.00292219 0.0235231 0.19216 0.29321 0.380193 0.455438 0.522772 0.586608 0.649893 0.712729 0.773165 0.828982 0.878787 0.922143 0.959264 0.990697 1.01711 1.03933 1.05795 1.0734 1.08619 1.09677 1.1055 1.1127 1.11862 1.1235 1.12752 1.13082 1.13353 1.13576 1.13759 1.13909 1.14032 1.14134 1.14217 1.14285 1.14341 1.14387 1.14424 1.14455 1.14494
 0 4.43521e-009 1.02348e-006 0.000620807 0.0196147 0.131057 0.367205 0.626532 0.812522 0.914663 0.962721 0.983675 0.99261 0.996471 0.998201 0.999015 0.999421 0.999614 0.999711 0.999773 0.999814 0.999842 0.999862 0.999877 0.999888 0.999896 0.999902 0.999907 0.999911 0.999914 0.999917 0.999919 0.99992 0.999921 0.999922 0.999923 0.999924 0.999924 0.999925 0.999925 0.999926
 #wt and selex for gender,fleet: 2 2
 0.00292219 0.0436519 0.138748 0.236825 0.334387 0.426182 0.510574 0.587555 0.658003 0.722804 0.782225 0.836025 0.88389 0.925741 0.961802 0.992518 1.01846 1.04038 1.05882 1.07415 1.08685 1.09736 1.10604 1.1132 1.1191 1.12395 1.12795 1.13123 1.13393 1.13615 1.13797 1.13947 1.1407 1.14171 1.14253 1.14321 1.14377 1.14423 1.1446 1.14491 1.14529
 0 3.8679e-008 7.07944e-005 0.00356869 0.0361999 0.145272 0.333904 0.544742 0.720033 0.839412 0.91096 0.950814 0.972302 0.983844 0.990143 0.993677 0.995732 0.996873 0.997525 0.997965 0.99827 0.998489 0.998648 0.998768 0.998858 0.998927 0.998981 0.999024 0.999057 0.999084 0.999105 0.999123 0.999137 0.999148 0.999157 0.999164 0.99917 0.999175 0.999179 0.999182 0.999187
 #wt and selex for gender,fleet: 2 3
 0.00292219 0.0542919 0.116696 0.169779 0.242499 0.335489 0.433201 0.527421 0.614737 0.693529 0.763228 0.823947 0.876215 0.920788 0.958516 0.990261 1.01684 1.03914 1.0578 1.07328 1.08609 1.09668 1.10542 1.11263 1.11856 1.12345 1.12746 1.13077 1.13348 1.13571 1.13754 1.13904 1.14028 1.14129 1.14212 1.1428 1.14336 1.14382 1.1442 1.14451 1.14489
 0 4.18496e-005 0.0964636 0.661604 0.959403 0.997616 0.999907 0.999997 1 1 1 1 1 1 1 1 1 1 1 1 1 1 1 1 1 1 1 1 1 1 1 1 1 1 1 1 1 1 1 1 1
 #wt and selex for gender,fleet: 2 4
 0.00292219 0.0391683 0.113531 0.192134 0.271797 0.353071 0.439732 0.529134 0.615091 0.693594 0.76324 0.823949 0.876216 0.920788 0.958516 0.990261 1.01684 1.03914 1.0578 1.07328 1.08609 1.09668 1.10542 1.11263 1.11856 1.12345 1.12746 1.13077 1.13348 1.13571 1.13754 1.13904 1.14028 1.14129 1.14212 1.1428 1.14336 1.14382 1.1442 1.14451 1.14489
 0 0.000103087 0.0185126 0.186217 0.546868 0.84076 0.961745 0.992943 0.998885 0.999834 0.999975 0.999996 0.999999 1 1 1 1 1 1 1 1 1 1 1 1 1 1 1 1 1 1 1 1 1 1 1 1 1 1 1 1
# M and current age-structure in year Yinit: 2015
 # gender = 1
 0.161388 0.161388 0.161388 0.161388 0.161388 0.161388 0.161388 0.161388 0.161388 0.161388 0.161388 0.161388 0.161388 0.161388 0.161388 0.161388 0.161388 0.161388 0.161388 0.161388 0.161388 0.161388 0.161388 0.161388 0.161388 0.161388 0.161388 0.161388 0.161388 0.161388 0.161388 0.161388 0.161388 0.161388 0.161388 0.161388 0.161388 0.161388 0.161388 0.161388 0.161388
 7895.51 6640.06 5391.26 4200.56 3022.61 2682.09 2955.65 3734.6 2002.26 1046.62 523.316 308.276 170.923 104.667 52.4101 23.9248 21.7246 11.2526 2.60849 1.29462 0.496358 0.376915 0.126153 0.0307684 0.0319064 0.0147477 0.00616535 0.00185216 0.000409838 0.000115975 7.15001e-005 3.44174e-005 8.69415e-006 3.23578e-006 1.63669e-006 8.97148e-007 3.82158e-007 2.08406e-007 1.46e-007 7.54264e-008 5.76784e-008
 # gender = 2
 0.171986 0.171986 0.171986 0.171986 0.171986 0.171986 0.171986 0.171986 0.171986 0.171986 0.171986 0.171986 0.171986 0.171986 0.171986 0.171986 0.171986 0.171986 0.171986 0.171986 0.171986 0.171986 0.171986 0.171986 0.171986 0.171986 0.171986 0.171986 0.171986 0.171986 0.171986 0.171986 0.171986 0.171986 0.171986 0.171986 0.171986 0.171986 0.171986 0.171986 0.171986
 7895.51 6570.06 5279.01 4066.11 2866.04 2500.15 2668.55 3138.93 1531.93 726.702 319.745 158.892 74.6201 40.7864 19.1432 8.47378 7.53855 3.79104 0.835877 0.391991 0.144243 0.107165 0.0351904 0.00823197 0.00765415 0.00329296 0.00125738 0.000325605 6.46651e-005 1.83648e-005 1.27984e-005 7.01652e-006 2.0106e-006 8.18237e-007 4.6861e-007 2.76284e-007 1.16019e-007 6.13569e-008 4.28903e-008 2.23314e-008 1.73353e-008
# Age-structure at Ydeclare= 2013
 7446.28 5811.78 4213.84 3815.57 4375.58 5892.09 3438.82 1976.62 1081.17 684.867 399.693 252.877 129.132 59.6354 54.5201 28.3485 6.58451 3.27089 1.25461 0.952918 0.318981 0.0778039 0.0806848 0.0372948 0.0155916 0.00468398 0.00103646 0.000293294 0.000180821 8.70404e-005 2.19873e-005 8.18319e-006 4.13916e-006 2.26887e-006 9.66469e-007 5.27054e-007 3.69232e-007 1.90752e-007 7.36085e-008 3.61407e-008 3.61185e-008
 7446.28 5750.51 4126.05 3700.32 4207.33 5574.03 3121.4 1650.17 775.18 398.33 190.033 104.62 49.2686 21.8442 19.4493 9.78515 2.15801 1.01214 0.372475 0.276744 0.0908796 0.0212598 0.0197679 0.00850467 0.00324746 0.000840953 0.000167014 4.74321e-005 3.30554e-005 1.81222e-005 5.19297e-006 2.11335e-006 1.21033e-006 7.1359e-007 2.99655e-007 1.58474e-007 1.10778e-007 5.76782e-008 2.237e-008 1.10309e-008 1.13733e-008
# Year for Tmin Age-structure (set to Ydecl by SS)
2013
#  recruitment and biomass
# Number of historical assessment years
141
# Historical data
# year recruitment spawner in B0 in R project in R/S project
1875  1876 1877 1878 1879 1880 1881 1882 1883 1884 1885 1886 1887 1888 1889 1890 1891 1892 1893 1894 1895 1896 1897 1898 1899 1900 1901 1902 1903 1904 1905 1906 1907 1908 1909 1910 1911 1912 1913 1914 1915 1916 1917 1918 1919 1920 1921 1922 1923 1924 1925 1926 1927 1928 1929 1930 1931 1932 1933 1934 1935 1936 1937 1938 1939 1940 1941 1942 1943 1944 1945 1946 1947 1948 1949 1950 1951 1952 1953 1954 1955 1956 1957 1958 1959 1960 1961 1962 1963 1964 1965 1966 1967 1968 1969 1970 1971 1972 1973 1974 1975 1976 1977 1978 1979 1980 1981 1982 1983 1984 1985 1986 1987 1988 1989 1990 1991 1992 1993 1994 1995 1996 1997 1998 1999 2000 2001 2002 2003 2004 2005 2006 2007 2008 2009 2010 2011 2012 2013 2014 2015 #years (with first value representing R0)
17394.1 17394.6 17394.6 17394.7 17394.8 17394.9 17394.8 17394.7 17394.4 17394.1 17393.6 17393.1 17392.6 17392 17391.4 17390.7 17390 17389.4 17388.8 17388.2 17387.7 17387.2 17386.8 17386.5 17386.4 17386.4 17386.6 17386.9 17387.5 17388.4 17389.6 17391.1 17393.1 17395.5 17398.4 17401.9 17406.1 17411 17416.8 17423.5 17431.2 17440 17450 17459.4 17472 17487.9 17507.1 17527 17546.6 17568 17589.4 17612.6 17637.4 17661.8 17688.2 17715.5 17748.5 17790.6 17848.2 17942.3 18092.3 18349.4 18742.1 19226.2 19645.8 19625.3 18892 17723.6 16713 16404.3 16796.1 16692.4 15073.7 13364.9 12236.4 11919.7 12419.1 13450.1 14142.4 14530.9 14643.8 14549.1 14366.5 14171.2 14298.5 19063.6 18121.6 11634.5 12390.6 17335.1 16227 34487.3 14796.6 15283.8 13836.8 14753.3 14551.9 11785.4 9943.49 12765.1 12816.2 16264.7 15600.8 11299.7 10709.4 12930.9 11648.8 10529.1 11769.4 17962.1 13315.2 7337.74 8671.24 13668.1 16627 15236.2 13238.5 5449.96 10164.1 13945 8470.63 10245.3 9649.73 19607.9 17918.9 9393.75 9959.38 10022.4 8834.51 9368.36 10152.5 13863.5 19112.2 26928 16783.2 12398.7 11639.9 13659.3 14892.6 15606 15791  #recruits; first value is R0 (virgin)
31078  31078.2 31077.6 31077 31076.4 31076 31068.8 31055.4 31036 31011.2 30981.5 30947.2 30908.9 30867 30821.8 30773.7 30723.1 30670.2 30615.3 30558.7 30500.6 30441.1 30380.3 30318.5 30255.8 30192.4 30128.3 30063.7 29998.6 29933.1 29867.3 29801.2 29734.9 29668.5 29601.9 29535.4 29468.9 29402.4 29336.1 29270 29204.1 29138.6 29076.6 28932.9 28865.2 28863.3 28932.1 28961.9 28909.9 28860.8 28749.9 28650.8 28565.8 28421 28297.4 28132 28013.1 27898.9 27717.8 27537 26894.9 26310.9 25959.2 25295.1 24531.6 23542 22720.2 22167.7 21161.2 20226.2 19853.6 19641 18636 17996.5 16480.5 15036.3 13480 12897.5 12417.7 12100.4 11363.2 10780.5 10416.6 9752.06 9221.63 9024.02 8655.44 7996.21 7446.92 6936.42 6892.02 7060.51 7146.23 7067.29 7155.02 7451.67 7790.42 8217.64 8233.89 8203.65 7493.25 6699.87 6147.32 5773.96 4967.07 4188.2 3879.53 3722.28 3486.61 3313.77 3349.53 3380.01 3204.08 2800.18 2594.96 2445.13 2286.69 1884.8 1741.16 1875.17 2322.47 2740.86 2853.46 2732.93 2831.03 3061.61 3116.52 3163.81 3424.37 4079.44 4457.13 4194.3 4079.97 3737.83 3486.18 3218.13 3910.99 5055.71 6502.49 7728.15 8451.86 #spbio; first value is SPB_virgin (virgin)
1 0 0 0 0 0 0 0 0 0 0 0 0 0 0 0 0 0 0 0 0 0 0 0 0 0 0 0 0 0 0 0 0 0 0 0 0 0 0 0 0 0 0 0 0 0 0 0 0 0 0 0 0 0 0 0 0 0 0 0 0 0 0 0 0 0 0 0 0 0 0 0 0 0 0 0 0 0 0 0 0 0 0 0 0 0 0 0 0 0 0 0 0 0 0 0 0 0 0 0 0 0 0 0 0 0 0 0 0 0 0 0 0 0 0 0 0 0 0 0 0 0 0 0 0 0 0 0 0 0 0 0 0 0 0 0 0 0 0 0 0  # in Bzero
0 1 1 1 1 1 1 1 1 1 1 1 1 1 1 1 1 1 1 1 1 1 1 1 1 1 1 1 1 1 1 1 1 1 1 1 1 1 1 1 1 1 1 1 1 1 1 1 1 1 1 1 1 1 1 1 1 1 1 1 1 1 1 1 1 1 1 1 1 1 1 1 1 1 1 1 1 1 1 1 1 1 1 1 1 1 1 1 1 1 1 1 1 1 1 1 1 1 1 1 1 1 1 1 1 1 1 1 1 1 1 1 1 1 1 1 1 1 1 1 1 1 1 1 1 1 1 1 1 1 1 1 1 1 1 1 1 1  0 0 0 # in R project
0 1 1 1 1 1 1 1 1 1 1 1 1 1 1 1 1 1 1 1 1 1 1 1 1 1 1 1 1 1 1 1 1 1 1 1 1 1 1 1 1 1 1 1 1 1 1 1 1 1 1 1 1 1 1 1 1 1 1 1 1 1 1 1 1 1 1 1 1 1 1 1 1 1 1 1 1 1 1 1 1 1 1 1 1 1 1 1 1 1 1 1 1 1 1 1 1 1 1 1 1 1 1 1 1 1 1 1 1 1 1 1 1 1 1 1 1 1 1 1 1 1 1 1 1 1 1 1 1 1 1 1 1 1 1 1 1 1  0 0 0 # in R/S project
# Number of years with pre-specified catches
0
# catches for years with pre-specified catches go next
# Number of future recruitments to override
2
# Process for overiding (-1 for average otherwise index in data list)
2014 1 2014
2015 1 2015
# Which probability to product detailed results for (1=0.5; 2=0.6; etc.)
3
# Steepness sigma-R Auto-correlation
0.868291 0.4 0
# Target SPR rate (FMSY Proxy); manually change to SPR_MSY if not using SPR_target
0.3
# Discount rate (for cumulative catch)
0.1
# Truncate the series when 0.4B0 is reached (1=Yes)
0
# Set F to FMSY once 0.4B0 is reached (1=Yes)
0
# Maximum possible F for projection (-1 to set to FMSY)
-1
# Defintion of recovery (1=now only;2=now or before)
2
# Projection type
4
# Definition of the 40-10 rule
10 40
# Calculate coefficients of variation (1=Yes)
0
# Number of replicates to use
10
# Random number seed
-99004
# File with multiple parameter vectors 
rebuild.SSO
# User-specific projection (1=Yes); Output replaced (1->9)
0  5
# Catches and Fs (Year; 1/2/3 (F or C or SPR); value); Final row is -1
2015 1 1
-1 -1 -1
# Fixed catch project (1=Yes); Output replaced (1->9); Approach (-1=Read in else 1-9)
0 2 -1
# Split of Fs
2015  0.41229 0.348524 0.106552 0.132633
-1  1 1 1 1
# Yrs to define T_target for projection type 4 (a.k.a. 5 pre-specified inputs)
2020 2021 2022 2023 2024 
# Year for probability of recovery
2024 2025 2026 2027 2028 2029 2030 2031
# Time varying weight-at-age (1=Yes;0=No)
0
# File with time series of weight-at-age data
none
# Use bisection (0) or linear interpolation (1)
1
# Target Depletion
0.4
# CV of implementation error
0
