#Title, #runnumber: 10 petrale15.dat petrale15.ctl 1302.74 31758.3 10277.1 StartTime: Sat Apr 21 11:56:20 2018
SSv3_default_rebuild.dat
# Number of sexes
2
# Age range to consider (minimum age; maximum age)
0 40
# Number of fleets
4
# First year of projection (Yinit)
2015
# First Year of rebuilding period (Ydecl)
2013
# Number of simulations
1000
# Maximum number of years
500
# Conduct projections with multiple starting values (0=No;else yes)
0
# Number of parameter vectors
1000
# Is the maximum age a plus-group (1=Yes;2=No)
1
# Generate future recruitments using historical recruitments (1)  historical recruits/spawner (2)  or a stock-recruitment (3)
3
# Constant fishing mortality (1) or constant Catch (2) projections
1
# Fishing mortality based on SPR (1) or actual rate (2)
1
# Pre-specify the year of recovery (or -1) to ignore
-1
# Fecundity-at-age
# 0 1 2 3 4 5 6 7 8 9 10 11 12 13 14 15 16 17 18 19 20 21 22 23 24 25 26 27 28 29 30 31 32 33 34 35 36 37 38 39 40 #runnumber: 10 petrale15.dat petrale15.ctl 1302.74 31758.3 10277.1
 0 0 0 0.000890349 0.0236225 0.134301 0.345619 0.587202 0.808454 1.00795 1.19658 1.37825 1.55215 1.71669 1.87066 2.01335 2.14453 2.2643 2.37452 2.47399 2.56337 2.64337 2.71477 2.77832 2.83475 2.88475 2.92899 2.96806 3.00252 3.03289 3.05962 3.08313 3.10379 3.12194 3.13787 3.15185 3.1641 3.17485 3.18426 3.19251 3.20541 #female fecundity; weighted by N in year Y_init across morphs and areas
# Age specific selectivity and weight adjusted for discard and discard mortality
 #wt and selex for gender,fleet: 1 1
 0.00255784 0.0509328 0.19303 0.347092 0.497526 0.63902 0.774191 0.9073 1.04226 1.18217 1.32901 1.4828 1.64043 1.79591 1.94353 2.08038 2.20582 2.32079 2.42556 2.5199 2.60449 2.6801 2.74748 2.80738 2.86051 2.90755 2.94913 2.98583 3.01819 3.04668 3.07175 3.0938 3.11316 3.13017 3.14509 3.15818 3.16965 3.17971 3.18853 3.19625 3.20832
 0 1.73312e-008 1.5237e-005 0.000879549 0.0108293 0.0552268 0.16413 0.341565 0.553532 0.747888 0.886158 0.961131 0.990703 0.998573 0.999868 0.999993 1 1 1 1 1 1 1 1 1 1 1 1 1 1 1 1 1 1 1 1 1 1 1 1 1
 #wt and selex for gender,fleet: 1 2
 0.00255784 0.0261412 0.100928 0.214462 0.353633 0.507455 0.669537 0.836229 1.00506 1.17395 1.34087 1.50386 1.66112 1.81115 1.95278 2.08521 2.20797 2.32177 2.42607 2.52016 2.60463 2.68017 2.74752 2.8074 2.86053 2.90756 2.94913 2.98583 3.01819 3.04668 3.07176 3.0938 3.11316 3.13017 3.14509 3.15818 3.16965 3.17971 3.18853 3.19625 3.20832
 0 0.000543075 0.00449586 0.0210214 0.0624626 0.136545 0.241312 0.366432 0.497935 0.622836 0.731902 0.820389 0.887411 0.934746 0.965647 0.983955 0.993505 0.997424 0.998878 0.999506 0.999777 0.999895 0.999949 0.999973 0.999985 0.999992 0.999995 0.999997 0.999998 0.999998 0.999999 0.999999 0.999999 0.999999 1 1 1 1 1 1 1
 #wt and selex for gender,fleet: 1 3
 0.00255784 0.0303238 0.109925 0.216923 0.338748 0.469437 0.609381 0.761961 0.929159 1.10751 1.289 1.46639 1.63571 1.79506 1.94344 2.08038 2.20582 2.32079 2.42556 2.5199 2.60449 2.6801 2.74748 2.80738 2.86051 2.90755 2.94913 2.98583 3.01819 3.04668 3.07175 3.0938 3.11316 3.13017 3.14509 3.15818 3.16965 3.17971 3.18853 3.19625 3.20832
 0 0.00106438 0.0173323 0.0988733 0.283533 0.531536 0.757784 0.90532 0.97375 0.99529 0.999521 0.999977 1 1 1 1 1 1 1 1 1 1 1 1 1 1 1 1 1 1 1 1 1 1 1 1 1 1 1 1 1
 #wt and selex for gender,fleet: 1 4
 0.00255784 0.0296838 0.109475 0.219332 0.346053 0.48217 0.625809 0.778002 0.940443 1.11274 1.29043 1.46658 1.63572 1.79506 1.94344 2.08038 2.20582 2.32079 2.42556 2.5199 2.60449 2.6801 2.74748 2.80738 2.86051 2.90755 2.94913 2.98583 3.01819 3.04668 3.07175 3.0938 3.11316 3.13017 3.14509 3.15818 3.16965 3.17971 3.18853 3.19625 3.20832
 0 0.000816467 0.0122878 0.0708065 0.212871 0.425217 0.649409 0.827221 0.934336 0.98203 0.996797 0.999679 0.999986 1 1 1 1 1 1 1 1 1 1 1 1 1 1 1 1 1 1 1 1 1 1 1 1 1 1 1 1
 #wt and selex for gender,fleet: 2 1
 0.00277006 0.020866 0.207883 0.307666 0.387803 0.455126 0.515453 0.573159 0.630541 0.68748 0.742171 0.792541 0.837258 0.875899 0.908689 0.936179 0.959039 0.978098 0.993925 1.00691 1.01755 1.02625 1.03335 1.03914 1.04385 1.04769 1.05082 1.05336 1.05543 1.05711 1.05848 1.05958 1.06049 1.06122 1.06181 1.0623 1.06269 1.06301 1.06327 1.06348 1.06373
 0 4.25097e-009 1.18892e-006 0.000747337 0.0212398 0.131473 0.356697 0.606521 0.793044 0.901017 0.954603 0.979153 0.99011 0.995052 0.997359 0.998489 0.999073 0.999355 0.999498 0.999591 0.999654 0.999698 0.99973 0.999754 0.999772 0.999785 0.999795 0.999803 0.99981 0.999815 0.999819 0.999822 0.999824 0.999826 0.999828 0.999829 0.99983 0.999831 0.999832 0.999832 0.999833
 #wt and selex for gender,fleet: 2 2
 0.00277006 0.0433375 0.146306 0.246664 0.340981 0.426611 0.503998 0.574266 0.638557 0.69759 0.751485 0.799976 0.842795 0.879919 0.911611 0.938342 0.960683 0.979427 0.995068 1.00792 1.01846 1.02708 1.03412 1.03986 1.04455 1.04836 1.05147 1.05399 1.05605 1.05772 1.05907 1.06018 1.06107 1.0618 1.06239 1.06287 1.06326 1.06358 1.06383 1.06404 1.06429
 0 2.03287e-008 5.09649e-005 0.00324866 0.0347877 0.140807 0.323919 0.52971 0.703497 0.82475 0.899567 0.942546 0.966445 0.979679 0.987121 0.991421 0.993991 0.995434 0.996261 0.99683 0.997232 0.997523 0.997739 0.997901 0.998025 0.99812 0.998195 0.998253 0.998299 0.998336 0.998365 0.998388 0.998407 0.998422 0.998434 0.998444 0.998452 0.998458 0.998463 0.998467 0.998472
 #wt and selex for gender,fleet: 2 3
 0.00277006 0.0586752 0.11735 0.166269 0.233553 0.322217 0.416858 0.507722 0.591084 0.665462 0.730483 0.78645 0.834047 0.874149 0.907688 0.935573 0.958651 0.977817 0.993699 1.00673 1.01739 1.0261 1.03321 1.03901 1.04374 1.04759 1.05072 1.05326 1.05533 1.05702 1.05838 1.05949 1.0604 1.06113 1.06172 1.06221 1.0626 1.06292 1.06318 1.06339 1.06364
 0 2.52027e-005 0.0736093 0.592709 0.935164 0.994796 0.999727 0.999989 1 1 1 1 1 1 1 1 1 1 1 1 1 1 1 1 1 1 1 1 1 1 1 1 1 1 1 1 1 1 1 1 1
 #wt and selex for gender,fleet: 2 4
 0.00277006 0.0395478 0.113802 0.190426 0.265394 0.342078 0.424607 0.509901 0.591577 0.66556 0.730502 0.786454 0.834048 0.87415 0.907688 0.935573 0.958651 0.977817 0.993699 1.00673 1.01739 1.0261 1.03321 1.03901 1.04374 1.04759 1.05072 1.05326 1.05533 1.05702 1.05838 1.05949 1.0604 1.06113 1.06172 1.06221 1.0626 1.06292 1.06318 1.06339 1.06364
 0 6.96921e-005 0.0155035 0.177158 0.533322 0.828171 0.955393 0.990905 0.998395 0.999734 0.999956 0.999992 0.999998 1 1 1 1 1 1 1 1 1 1 1 1 1 1 1 1 1 1 1 1 1 1 1 1 1 1 1 1
# M and current age-structure in year Yinit: 2015
 # gender = 1
 0.158975 0.158975 0.158975 0.158975 0.158975 0.158975 0.158975 0.158975 0.158975 0.158975 0.158975 0.158975 0.158975 0.158975 0.158975 0.158975 0.158975 0.158975 0.158975 0.158975 0.158975 0.158975 0.158975 0.158975 0.158975 0.158975 0.158975 0.158975 0.158975 0.158975 0.158975 0.158975 0.158975 0.158975 0.158975 0.158975 0.158975 0.158975 0.158975 0.158975 0.158975
 8271.03 6967.46 5673.67 4438.89 3159.29 2739 3619.29 4796.12 2531.1 1427.85 643.7 411.266 215.424 146.457 70.607 42.0957 30.6722 21.7539 4.70223 2.48345 0.978222 0.762041 0.300682 0.0728582 0.0697897 0.0408975 0.018328 0.00572354 0.00143278 0.000389344 0.000249667 0.00014312 3.71608e-005 1.35746e-005 7.11857e-006 3.99852e-006 1.77144e-006 9.51349e-007 6.73246e-007 3.63885e-007 2.85093e-007
 # gender = 2
 0.169273 0.169273 0.169273 0.169273 0.169273 0.169273 0.169273 0.169273 0.169273 0.169273 0.169273 0.169273 0.169273 0.169273 0.169273 0.169273 0.169273 0.169273 0.169273 0.169273 0.169273 0.169273 0.169273 0.169273 0.169273 0.169273 0.169273 0.169273 0.169273 0.169273 0.169273 0.169273 0.169273 0.169273 0.169273 0.169273 0.169273 0.169273 0.169273 0.169273 0.169273
 8271.03 6896.08 5558.53 4301.93 3007.07 2565.16 3303.91 4149.68 2041.49 1069.73 435.898 242.093 110.071 67.6576 30.7476 17.7955 12.6981 8.71045 1.7879 0.895691 0.340533 0.260722 0.101146 0.0236016 0.0204287 0.0112058 0.00466218 0.00128701 0.000290746 7.75181e-005 5.43721e-005 3.44202e-005 9.88815e-006 3.88086e-006 2.26986e-006 1.36447e-006 5.93108e-007 3.07287e-007 2.16575e-007 1.18424e-007 9.50937e-008
# Age-structure at Ydeclare= 2013
 7798.12 6107.9 4371.9 3852.02 5258.66 7343.23 4155.2 2534.02 1229.59 833.32 454.538 316.646 154.727 92.9156 67.952 48.2768 10.442 5.51598 2.17289 1.69275 0.667925 0.161846 0.15503 0.0908494 0.0407136 0.0127142 0.00318277 0.000864887 0.00055461 0.000317926 8.25489e-005 3.01546e-005 1.58132e-005 8.88229e-006 3.93508e-006 2.11332e-006 1.49555e-006 8.08333e-007 3.1673e-007 1.57039e-007 1.59536e-007
 7798.12 6045.32 4283.16 3737.63 5058.17 6961.83 3809.31 2174.66 934.92 534.249 246.293 152.383 69.4683 40.2677 28.7565 19.7347 4.0517 2.03005 0.771872 0.591002 0.229285 0.0535037 0.0463118 0.0254041 0.0105695 0.00291777 0.000659153 0.000175743 0.000123269 7.80355e-005 2.24179e-005 8.79851e-006 5.14615e-006 3.09347e-006 1.34468e-006 6.96673e-007 4.91012e-007 2.68488e-007 1.06397e-007 5.32624e-008 5.59352e-008
# Year for Tmin Age-structure (set to Ydecl by SS)
2013
#  recruitment and biomass
# Number of historical assessment years
141
# Historical data
# year recruitment spawner in B0 in R project in R/S project
1875  1876 1877 1878 1879 1880 1881 1882 1883 1884 1885 1886 1887 1888 1889 1890 1891 1892 1893 1894 1895 1896 1897 1898 1899 1900 1901 1902 1903 1904 1905 1906 1907 1908 1909 1910 1911 1912 1913 1914 1915 1916 1917 1918 1919 1920 1921 1922 1923 1924 1925 1926 1927 1928 1929 1930 1931 1932 1933 1934 1935 1936 1937 1938 1939 1940 1941 1942 1943 1944 1945 1946 1947 1948 1949 1950 1951 1952 1953 1954 1955 1956 1957 1958 1959 1960 1961 1962 1963 1964 1965 1966 1967 1968 1969 1970 1971 1972 1973 1974 1975 1976 1977 1978 1979 1980 1981 1982 1983 1984 1985 1986 1987 1988 1989 1990 1991 1992 1993 1994 1995 1996 1997 1998 1999 2000 2001 2002 2003 2004 2005 2006 2007 2008 2009 2010 2011 2012 2013 2014 2015 #years (with first value representing R0)
17800.6 17801.3 17801.4 17801.5 17801.7 17801.8 17801.8 17801.7 17801.6 17801.3 17801 17800.6 17800.2 17799.7 17799.3 17798.8 17798.4 17798 17797.6 17797.3 17797.2 17797.1 17797.1 17797.4 17797.8 17798.4 17799.3 17800.5 17802 17803.9 17806.3 17809.2 17812.6 17816.7 17821.6 17827.2 17833.9 17841.6 17850.5 17860.7 17872.4 17885.5 17900.4 17915.1 17933.8 17956.2 17982.7 18010.7 18039.2 18070.5 18103 18138.7 18177.5 18217.7 18261.5 18308.3 18363.9 18432.1 18515.4 18639.1 18831.6 19135 19560.1 20049.2 20408.8 20249.7 19407.2 18221.2 17231.7 16897.6 17065 16607.5 14952.1 13374.1 12392.7 12175.4 12711.3 13747.1 14439.3 14672.7 14504.5 14221.3 14078.3 14115.3 14388 18999.2 18084.8 11758.4 12592 17693.3 16460.8 34040.2 14623.8 15313.6 14031.1 14950.5 14533.9 11820.9 10033 13004.5 13100.7 16602.1 15445.6 11245.8 11002.7 13009.9 11663.5 10418.7 12266.2 18991.7 12460.1 7033.49 9308.48 13956.9 17537 16050 11775.2 5599.52 11120.5 13646.8 8496.82 10503.1 9768.87 22429.4 15821.5 10955.8 9450.14 10502.7 8839.5 10447.1 10903.3 17126.2 22542.9 33023.6 19947.5 12421.9 12017.7 14320.7 15596.2 16336 16542.1  #recruits; first value is R0 (virgin)
31758.3  31758.6 31758 31757.4 31756.9 31756.4 31749.2 31735.7 31716.2 31691.1 31661.1 31626.5 31587.7 31545.3 31499.6 31450.9 31399.7 31346.1 31290.6 31233.2 31174.4 31114.1 31052.5 30990 30926.6 30862.4 30797.6 30732.2 30666.4 30600.2 30533.8 30467.1 30400.3 30333.3 30266.4 30199.5 30132.8 30066.2 29999.9 29933.9 29868.4 29803.3 29742.1 29598.7 29532 29532 29603.6 29636.6 29587.8 29542.2 29434.9 29339.7 29259.2 29119.3 29001.1 28841.6 28729.7 28623.1 28449.5 28276.5 27639.8 27062.2 26719.1 26062.7 25307.7 24325.7 23513.4 22973.9 21974.3 21046 20682.7 20476.5 19467.7 18826.1 17295.7 15826.1 14221.4 13584.6 13049.7 12687.4 11909.7 11292.6 10897 10199 9634.6 9396.75 8971.15 8243.42 7629.69 7065.11 6967.57 7092.17 7165.51 7092.97 7176.54 7448.98 7724.36 8106.01 8121.65 8098.3 7390.46 6597.07 6049.46 5684.64 4884.11 4110.22 3801.54 3641.96 3410.02 3243.78 3280.93 3310.2 3135.85 2740.25 2547.2 2406.99 2253.05 1859.23 1724.65 1880.51 2355.29 2782.58 2888.16 2768.48 2865.38 3092.31 3148.16 3206.19 3495.89 4173.26 4584.99 4363.23 4278.02 3961.53 3749.16 3552.14 4375.47 5741.13 7523.47 9170.56 10277.1 #spbio; first value is SPB_virgin (virgin)
1 0 0 0 0 0 0 0 0 0 0 0 0 0 0 0 0 0 0 0 0 0 0 0 0 0 0 0 0 0 0 0 0 0 0 0 0 0 0 0 0 0 0 0 0 0 0 0 0 0 0 0 0 0 0 0 0 0 0 0 0 0 0 0 0 0 0 0 0 0 0 0 0 0 0 0 0 0 0 0 0 0 0 0 0 0 0 0 0 0 0 0 0 0 0 0 0 0 0 0 0 0 0 0 0 0 0 0 0 0 0 0 0 0 0 0 0 0 0 0 0 0 0 0 0 0 0 0 0 0 0 0 0 0 0 0 0 0 0 0 0  # in Bzero
0 1 1 1 1 1 1 1 1 1 1 1 1 1 1 1 1 1 1 1 1 1 1 1 1 1 1 1 1 1 1 1 1 1 1 1 1 1 1 1 1 1 1 1 1 1 1 1 1 1 1 1 1 1 1 1 1 1 1 1 1 1 1 1 1 1 1 1 1 1 1 1 1 1 1 1 1 1 1 1 1 1 1 1 1 1 1 1 1 1 1 1 1 1 1 1 1 1 1 1 1 1 1 1 1 1 1 1 1 1 1 1 1 1 1 1 1 1 1 1 1 1 1 1 1 1 1 1 1 1 1 1 1 1 1 1 1 1  0 0 0 # in R project
0 1 1 1 1 1 1 1 1 1 1 1 1 1 1 1 1 1 1 1 1 1 1 1 1 1 1 1 1 1 1 1 1 1 1 1 1 1 1 1 1 1 1 1 1 1 1 1 1 1 1 1 1 1 1 1 1 1 1 1 1 1 1 1 1 1 1 1 1 1 1 1 1 1 1 1 1 1 1 1 1 1 1 1 1 1 1 1 1 1 1 1 1 1 1 1 1 1 1 1 1 1 1 1 1 1 1 1 1 1 1 1 1 1 1 1 1 1 1 1 1 1 1 1 1 1 1 1 1 1 1 1 1 1 1 1 1 1  0 0 0 # in R/S project
# Number of years with pre-specified catches
0
# catches for years with pre-specified catches go next
# Number of future recruitments to override
2
# Process for overiding (-1 for average otherwise index in data list)
2014 1 2014
2015 1 2015
# Which probability to product detailed results for (1=0.5; 2=0.6; etc.)
3
# Steepness sigma-R Auto-correlation
0.872905 0.4 0
# Target SPR rate (FMSY Proxy); manually change to SPR_MSY if not using SPR_target
0.3
# Discount rate (for cumulative catch)
0.1
# Truncate the series when 0.4B0 is reached (1=Yes)
0
# Set F to FMSY once 0.4B0 is reached (1=Yes)
0
# Maximum possible F for projection (-1 to set to FMSY)
-1
# Defintion of recovery (1=now only;2=now or before)
2
# Projection type
4
# Definition of the 40-10 rule
10 40
# Calculate coefficients of variation (1=Yes)
0
# Number of replicates to use
10
# Random number seed
-99004
# File with multiple parameter vectors 
rebuild.SSO
# User-specific projection (1=Yes); Output replaced (1->9)
0  5
# Catches and Fs (Year; 1/2/3 (F or C or SPR); value); Final row is -1
2015 1 1
-1 -1 -1
# Fixed catch project (1=Yes); Output replaced (1->9); Approach (-1=Read in else 1-9)
0 2 -1
# Split of Fs
2015  0.41265 0.341048 0.110544 0.135759
-1  1 1 1 1
# Yrs to define T_target for projection type 4 (a.k.a. 5 pre-specified inputs)
2020 2021 2022 2023 2024 
# Year for probability of recovery
2024 2025 2026 2027 2028 2029 2030 2031
# Time varying weight-at-age (1=Yes;0=No)
0
# File with time series of weight-at-age data
none
# Use bisection (0) or linear interpolation (1)
1
# Target Depletion
0.4
# CV of implementation error
0
