#Title, #runnumber: 10 petrale15.dat petrale15.ctl 1183.61 31297.6 8684.52 StartTime: Tue Jul 12 11:55:24 2016
SSv3_default_rebuild.dat
# Number of sexes
2
# Age range to consider (minimum age; maximum age)
0 40
# Number of fleets
4
# First year of projection (Yinit)
2015
# First Year of rebuilding period (Ydecl)
2013
# Number of simulations
1000
# Maximum number of years
500
# Conduct projections with multiple starting values (0=No;else yes)
0
# Number of parameter vectors
1000
# Is the maximum age a plus-group (1=Yes;2=No)
1
# Generate future recruitments using historical recruitments (1)  historical recruits/spawner (2)  or a stock-recruitment (3)
3
# Constant fishing mortality (1) or constant Catch (2) projections
1
# Fishing mortality based on SPR (1) or actual rate (2)
1
# Pre-specify the year of recovery (or -1) to ignore
-1
# Fecundity-at-age
# 0 1 2 3 4 5 6 7 8 9 10 11 12 13 14 15 16 17 18 19 20 21 22 23 24 25 26 27 28 29 30 31 32 33 34 35 36 37 38 39 40 #runnumber: 10 petrale15.dat petrale15.ctl 1183.61 31297.6 8684.52
 0 0 0 0.000625438 0.0207708 0.130871 0.348343 0.59575 0.820734 1.02448 1.21831 1.4055 1.58485 1.75462 1.91349 2.06074 2.19609 2.31965 2.43336 2.53597 2.62816 2.71068 2.78431 2.84984 2.90801 2.95955 3.00514 3.04539 3.0809 3.11218 3.1397 3.16391 3.18517 3.20385 3.22023 3.23461 3.24721 3.25826 3.26793 3.27641 3.28965 #female fecundity; weighted by N in year Y_init across morphs and areas
# Age specific selectivity and weight adjusted for discard and discard mortality
 #wt and selex for gender,fleet: 1 1
 0.00242926 0.0434216 0.173777 0.326106 0.479943 0.627483 0.769767 0.910179 1.05221 1.19885 1.35218 1.51224 1.67568 1.83637 1.98871 2.12991 2.25932 2.37793 2.48601 2.58332 2.67058 2.74856 2.81804 2.8798 2.93457 2.98305 3.0259 3.06371 3.09704 3.12638 3.15219 3.17488 3.19481 3.21231 3.22766 3.24112 3.25292 3.26326 3.27231 3.28025 3.29263
 0 1.50518e-008 1.15958e-005 0.000754213 0.0100866 0.0540777 0.165026 0.347125 0.563054 0.75755 0.89254 0.96375 0.991233 0.998569 0.99985 0.999991 1 1 1 1 1 1 1 1 1 1 1 1 1 1 1 1 1 1 1 1 1 1 1 1 1
 #wt and selex for gender,fleet: 1 2
 0.00242926 0.0235458 0.0931313 0.204442 0.34424 0.501178 0.668126 0.840722 1.01594 1.19127 1.36445 1.53335 1.69614 1.85128 1.99767 2.13452 2.26136 2.37885 2.48649 2.58356 2.6707 2.74862 2.81808 2.87982 2.93458 2.98306 3.0259 3.06371 3.09704 3.12638 3.1522 3.17489 3.19482 3.21231 3.22766 3.24112 3.25292 3.26326 3.27231 3.28025 3.29263
 0 0.000546535 0.00434262 0.020787 0.062838 0.138856 0.246771 0.375396 0.509731 0.63611 0.745126 0.832263 0.897073 0.941817 0.970206 0.986453 0.994628 0.997892 0.999081 0.999591 0.999812 0.999909 0.999954 0.999975 0.999986 0.999992 0.999995 0.999997 0.999998 0.999998 0.999999 0.999999 0.999999 0.999999 0.999999 1 1 1 1 1 1
 #wt and selex for gender,fleet: 1 3
 0.00242926 0.0270058 0.101516 0.207489 0.331087 0.465323 0.609822 0.767835 0.941234 1.12592 1.31336 1.49637 1.67105 1.83549 1.9886 2.1299 2.25932 2.37793 2.48601 2.58332 2.67058 2.74856 2.81804 2.8798 2.93457 2.98305 3.0259 3.06371 3.09704 3.12638 3.15219 3.17488 3.19481 3.21231 3.22766 3.24112 3.25292 3.26326 3.27231 3.28025 3.29263
 0 0.00103129 0.0162636 0.0971701 0.285713 0.540504 0.769614 0.913985 0.977512 0.996216 0.999635 0.999983 1 1 1 1 1 1 1 1 1 1 1 1 1 1 1 1 1 1 1 1 1 1 1 1 1 1 1 1 1
 #wt and selex for gender,fleet: 1 4
 0.00242926 0.0263347 0.100595 0.208993 0.337372 0.477311 0.625956 0.783757 0.95224 1.13082 1.31464 1.49654 1.67106 1.83549 1.9886 2.1299 2.25932 2.37793 2.48601 2.58332 2.67058 2.74856 2.81804 2.8798 2.93457 2.98305 3.0259 3.06371 3.09704 3.12638 3.15219 3.17488 3.19481 3.21231 3.22766 3.24112 3.25292 3.26326 3.27231 3.28025 3.29263
 0 0.000834165 0.0117836 0.0698835 0.213967 0.430916 0.658667 0.836093 0.939834 0.984193 0.997292 0.999735 0.999988 1 1 1 1 1 1 1 1 1 1 1 1 1 1 1 1 1 1 1 1 1 1 1 1 1 1 1 1
 #wt and selex for gender,fleet: 2 1
 0.0027179 0.0208282 0.189855 0.292591 0.378289 0.451601 0.517411 0.58031 0.643071 0.705521 0.76538 0.820226 0.868665 0.910379 0.945719 0.975344 0.999999 1.02055 1.03762 1.05166 1.06319 1.07264 1.08036 1.08668 1.09184 1.09606 1.09949 1.10229 1.10457 1.10643 1.10795 1.10918 1.11019 1.11101 1.11167 1.11221 1.11265 1.11301 1.11331 1.11354 1.11383
 0 4.28166e-009 6.61501e-007 0.000569732 0.0196933 0.134283 0.376842 0.640377 0.825569 0.92405 0.968447 0.986879 0.99435 0.997424 0.99874 0.999334 0.99962 0.99975 0.999813 0.999853 0.999879 0.999897 0.99991 0.999919 0.999926 0.999931 0.999935 0.999938 0.99994 0.999942 0.999944 0.999945 0.999946 0.999947 0.999947 0.999948 0.999948 0.999948 0.999949 0.999949 0.999949
 #wt and selex for gender,fleet: 2 2
 0.0027179 0.0398039 0.133757 0.233443 0.331111 0.422069 0.505366 0.581366 0.651007 0.715059 0.773641 0.826392 0.872958 0.913299 0.947716 0.97674 1.00101 1.02133 1.03827 1.05222 1.06368 1.07308 1.08077 1.08706 1.0922 1.09639 1.09982 1.10261 1.10488 1.10673 1.10824 1.10947 1.11047 1.11129 1.11195 1.11249 1.11293 1.11329 1.11358 1.11382 1.11411
 0 2.56851e-008 5.21023e-005 0.00331815 0.0364126 0.149602 0.344993 0.560556 0.736338 0.85315 0.921149 0.957827 0.976961 0.986919 0.9922 0.99509 0.996734 0.99762 0.998113 0.998443 0.998671 0.998834 0.998952 0.99904 0.999107 0.999158 0.999197 0.999228 0.999252 0.999271 0.999287 0.999299 0.999309 0.999316 0.999323 0.999328 0.999332 0.999335 0.999338 0.99934 0.999343
 #wt and selex for gender,fleet: 2 3
 0.0027179 0.0535375 0.112302 0.163521 0.235541 0.329598 0.428397 0.523166 0.610406 0.688528 0.757062 0.816247 0.866743 0.909417 0.945212 0.975059 0.999828 1.02043 1.03753 1.05159 1.06313 1.07258 1.08032 1.08664 1.0918 1.09602 1.09946 1.10226 1.10454 1.1064 1.10792 1.10915 1.11016 1.11098 1.11164 1.11218 1.11263 1.11298 1.11328 1.11351 1.1138
 0 2.09787e-005 0.0777892 0.644099 0.959505 0.997914 0.999932 0.999998 1 1 1 1 1 1 1 1 1 1 1 1 1 1 1 1 1 1 1 1 1 1 1 1 1 1 1 1 1 1 1 1 1
 #wt and selex for gender,fleet: 2 4
 0.0027179 0.0365258 0.108093 0.186246 0.264765 0.345893 0.433807 0.524409 0.610629 0.688563 0.757067 0.816248 0.866743 0.909417 0.945212 0.975059 0.999828 1.02043 1.03753 1.05159 1.06313 1.07258 1.08032 1.08664 1.0918 1.09602 1.09946 1.10226 1.10454 1.1064 1.10792 1.10915 1.11016 1.11098 1.11164 1.11218 1.11263 1.11298 1.11328 1.11351 1.1138
 0 7.11975e-005 0.0156427 0.186031 0.563424 0.857901 0.969231 0.994958 0.9993 0.99991 0.999988 0.999998 1 1 1 1 1 1 1 1 1 1 1 1 1 1 1 1 1 1 1 1 1 1 1 1 1 1 1 1 1
# M and current age-structure in year Yinit: 2015
 # gender = 1
 0.160634 0.160634 0.160634 0.160634 0.160634 0.160634 0.160634 0.160634 0.160634 0.160634 0.160634 0.160634 0.160634 0.160634 0.160634 0.160634 0.160634 0.160634 0.160634 0.160634 0.160634 0.160634 0.160634 0.160634 0.160634 0.160634 0.160634 0.160634 0.160634 0.160634 0.160634 0.160634 0.160634 0.160634 0.160634 0.160634 0.160634 0.160634 0.160634 0.160634 0.160634
 8051.75 6782.3 5523.27 4320.19 3076.38 2742.13 2855.72 3790.92 2052.96 1249.13 593.501 358.85 180.189 133.209 58.9956 33.7873 26.228 15.9506 3.54522 1.80612 0.698984 0.510171 0.19937 0.0452307 0.0454852 0.0228532 0.0102294 0.00301728 0.000748133 0.00019061 0.000116813 6.30621e-005 1.58545e-005 5.82721e-006 2.94117e-006 1.64842e-006 7.16339e-007 3.78593e-007 2.68092e-007 1.41208e-007 1.09277e-007
 # gender = 2
 0.170834 0.170834 0.170834 0.170834 0.170834 0.170834 0.170834 0.170834 0.170834 0.170834 0.170834 0.170834 0.170834 0.170834 0.170834 0.170834 0.170834 0.170834 0.170834 0.170834 0.170834 0.170834 0.170834 0.170834 0.170834 0.170834 0.170834 0.170834 0.170834 0.170834 0.170834 0.170834 0.170834 0.170834 0.170834 0.170834 0.170834 0.170834 0.170834 0.170834 0.170834
 8051.75 6713.47 5412.33 4187.15 2920.82 2558.68 2586.3 3215.47 1602.69 900.523 385.347 200.893 86.7187 57.673 24.0367 13.3558 10.1416 5.95426 1.25055 0.600304 0.223291 0.159985 0.0614567 0.0133674 0.0119409 0.00554431 0.00228257 0.00058521 0.000130181 3.30234e-005 2.27454e-005 1.38983e-005 3.93526e-006 1.56998e-006 8.96584e-007 5.42476e-007 2.31002e-007 1.17757e-007 8.33793e-008 4.44377e-008 3.52961e-008
# Age-structure at Ydeclare= 2013
 7616.74 5965.13 4275.23 3882.59 4199.35 5923.99 3477.51 2313.29 1193.98 770.292 403.934 306.312 137.536 79.3315 61.7995 37.642 8.37113 4.26545 1.65088 1.20497 0.470898 0.106832 0.107434 0.0539782 0.0241615 0.00712669 0.00176706 0.000450213 0.000275908 0.00014895 3.74476e-005 1.37636e-005 6.94693e-006 3.89351e-006 1.69196e-006 8.94221e-007 6.33223e-007 3.33526e-007 1.29475e-007 6.37875e-008 6.48445e-008
 7616.74 5904.6 4189.32 3768.6 4040.93 5609.31 3167.09 1957.03 884.848 473.825 206.988 138.375 57.805 32.1536 24.4285 14.3464 3.01357 1.44672 0.538153 0.385592 0.148125 0.0322193 0.0287814 0.0133637 0.0055018 0.00141057 0.000313786 7.95991e-005 5.48254e-005 3.35004e-005 9.48556e-006 3.78428e-006 2.16113e-006 1.30759e-006 5.5681e-007 2.83842e-007 2.00979e-007 1.07113e-007 4.20045e-008 2.09027e-008 2.21711e-008
# Year for Tmin Age-structure (set to Ydecl by SS)
2013
#  recruitment and biomass
# Number of historical assessment years
141
# Historical data
# year recruitment spawner in B0 in R project in R/S project
1875  1876 1877 1878 1879 1880 1881 1882 1883 1884 1885 1886 1887 1888 1889 1890 1891 1892 1893 1894 1895 1896 1897 1898 1899 1900 1901 1902 1903 1904 1905 1906 1907 1908 1909 1910 1911 1912 1913 1914 1915 1916 1917 1918 1919 1920 1921 1922 1923 1924 1925 1926 1927 1928 1929 1930 1931 1932 1933 1934 1935 1936 1937 1938 1939 1940 1941 1942 1943 1944 1945 1946 1947 1948 1949 1950 1951 1952 1953 1954 1955 1956 1957 1958 1959 1960 1961 1962 1963 1964 1965 1966 1967 1968 1969 1970 1971 1972 1973 1974 1975 1976 1977 1978 1979 1980 1981 1982 1983 1984 1985 1986 1987 1988 1989 1990 1991 1992 1993 1994 1995 1996 1997 1998 1999 2000 2001 2002 2003 2004 2005 2006 2007 2008 2009 2010 2011 2012 2013 2014 2015 #years (with first value representing R0)
17637.1 17637.6 17637.7 17637.8 17637.9 17638 17637.9 17637.8 17637.6 17637.3 17636.9 17636.4 17635.9 17635.3 17634.7 17634.2 17633.6 17633 17632.4 17631.9 17631.5 17631.2 17630.9 17630.7 17630.7 17630.9 17631.2 17631.8 17632.7 17633.8 17635.3 17637.1 17639.4 17642.3 17645.7 17649.7 17654.5 17660.1 17666.6 17674.2 17682.8 17692.7 17703.9 17714.5 17728.6 17745.9 17766.7 17788.3 17809.8 17833.2 17856.9 17882.6 17910.4 17938.3 17968.6 18000.3 18038.4 18086.7 18149.3 18247.5 18408.1 18683.7 19096.6 19603.5 20034.6 19980.3 19191.7 17987.8 16963.7 16665.4 17018.5 16764.1 15075.7 13390.2 12311.6 12038 12560.2 13611.7 14347.4 14729.1 14752.9 14551.4 14348.4 14264.8 14468.4 19137.6 18106.5 11703.7 12554.4 17622.6 16547.7 34541.6 14631.3 15345.3 14002.9 15033.4 14758 11898.5 10110.9 13046.9 13136.3 16637 15695.6 11279.5 11080.3 13185 11634.9 10565.8 12087 18753.9 12555 7058.45 9468.85 13598.1 17218.9 15085.6 12443.9 5457.8 11159 13349.3 8575.95 10446.3 9768.8 21188.8 16952.2 10719.2 9362.09 11024.9 8329.44 10058.9 10889.1 15938.6 19119.6 26895.7 16040.5 12583.7 11791.2 14009.2 15233.5 15928.3 16103.5  #recruits; first value is R0 (virgin)
31297.6  31297.7 31297.1 31296.6 31296 31295.5 31288.4 31274.9 31255.5 31230.6 31200.7 31166.3 31127.8 31085.6 31040.2 30991.9 30941 30887.8 30832.6 30775.7 30717.3 30657.5 30596.3 30534.2 30471.2 30407.5 30343.1 30278.2 30212.8 30147 30080.9 30014.5 29948 29881.3 29814.5 29747.7 29681 29614.4 29547.9 29481.6 29415.7 29350.1 29288 29144.2 29076.4 29074.7 29143.9 29174.4 29123.2 29074.9 28964.7 28866.2 28781.7 28637.6 28514.5 28349.8 28231.5 28117.9 27936.8 27755.5 27112.1 26526.1 26172 25505 24737.7 23742.6 22913.9 22354.7 21338.6 20396.7 20024.6 19818.4 18821.2 18190.5 16676.2 15226.6 13655.6 13058.6 12567.4 12241.9 11493.2 10894.3 10510.8 9826.02 9278.85 9067.73 8682.9 8004.2 7434.53 6901.98 6826.25 6974.31 7064.24 6990.69 7066.1 7328.05 7616.57 8036.66 8075.5 8057.84 7350.37 6561.2 6021.38 5659.74 4855.96 4072.92 3753.69 3591.15 3357.76 3187.56 3224.65 3261.12 3093.41 2695.51 2498.51 2364.25 2215.82 1817.93 1671.26 1805.61 2255.91 2670.45 2775.07 2646.68 2734.85 2958.18 3009.34 3049.12 3305.39 3973.33 4401.09 4193.86 4116.44 3804.6 3576.69 3344.79 4094.08 5283.38 6736.59 7957.2 8684.52 #spbio; first value is SPB_virgin (virgin)
1 0 0 0 0 0 0 0 0 0 0 0 0 0 0 0 0 0 0 0 0 0 0 0 0 0 0 0 0 0 0 0 0 0 0 0 0 0 0 0 0 0 0 0 0 0 0 0 0 0 0 0 0 0 0 0 0 0 0 0 0 0 0 0 0 0 0 0 0 0 0 0 0 0 0 0 0 0 0 0 0 0 0 0 0 0 0 0 0 0 0 0 0 0 0 0 0 0 0 0 0 0 0 0 0 0 0 0 0 0 0 0 0 0 0 0 0 0 0 0 0 0 0 0 0 0 0 0 0 0 0 0 0 0 0 0 0 0 0 0 0  # in Bzero
0 1 1 1 1 1 1 1 1 1 1 1 1 1 1 1 1 1 1 1 1 1 1 1 1 1 1 1 1 1 1 1 1 1 1 1 1 1 1 1 1 1 1 1 1 1 1 1 1 1 1 1 1 1 1 1 1 1 1 1 1 1 1 1 1 1 1 1 1 1 1 1 1 1 1 1 1 1 1 1 1 1 1 1 1 1 1 1 1 1 1 1 1 1 1 1 1 1 1 1 1 1 1 1 1 1 1 1 1 1 1 1 1 1 1 1 1 1 1 1 1 1 1 1 1 1 1 1 1 1 1 1 1 1 1 1 1 1  0 0 0 # in R project
0 1 1 1 1 1 1 1 1 1 1 1 1 1 1 1 1 1 1 1 1 1 1 1 1 1 1 1 1 1 1 1 1 1 1 1 1 1 1 1 1 1 1 1 1 1 1 1 1 1 1 1 1 1 1 1 1 1 1 1 1 1 1 1 1 1 1 1 1 1 1 1 1 1 1 1 1 1 1 1 1 1 1 1 1 1 1 1 1 1 1 1 1 1 1 1 1 1 1 1 1 1 1 1 1 1 1 1 1 1 1 1 1 1 1 1 1 1 1 1 1 1 1 1 1 1 1 1 1 1 1 1 1 1 1 1 1 1  0 0 0 # in R/S project
# Number of years with pre-specified catches
0
# catches for years with pre-specified catches go next
# Number of future recruitments to override
2
# Process for overiding (-1 for average otherwise index in data list)
2014 1 2014
2015 1 2015
# Which probability to product detailed results for (1=0.5; 2=0.6; etc.)
3
# Steepness sigma-R Auto-correlation
0.872371 0.4 0
# Target SPR rate (FMSY Proxy); manually change to SPR_MSY if not using SPR_target
0.3
# Discount rate (for cumulative catch)
0.1
# Truncate the series when 0.4B0 is reached (1=Yes)
0
# Set F to FMSY once 0.4B0 is reached (1=Yes)
0
# Maximum possible F for projection (-1 to set to FMSY)
-1
# Defintion of recovery (1=now only;2=now or before)
2
# Projection type
4
# Definition of the 40-10 rule
10 40
# Calculate coefficients of variation (1=Yes)
0
# Number of replicates to use
10
# Random number seed
-99004
# File with multiple parameter vectors 
rebuild.SSO
# User-specific projection (1=Yes); Output replaced (1->9)
0  5
# Catches and Fs (Year; 1/2/3 (F or C or SPR); value); Final row is -1
2015 1 1
-1 -1 -1
# Fixed catch project (1=Yes); Output replaced (1->9); Approach (-1=Read in else 1-9)
0 2 -1
# Split of Fs
2015  0.41387 0.341407 0.109539 0.135184
-1  1 1 1 1
# Yrs to define T_target for projection type 4 (a.k.a. 5 pre-specified inputs)
2020 2021 2022 2023 2024 
# Year for probability of recovery
2024 2025 2026 2027 2028 2029 2030 2031
# Time varying weight-at-age (1=Yes;0=No)
0
# File with time series of weight-at-age data
none
# Use bisection (0) or linear interpolation (1)
1
# Target Depletion
0.4
# CV of implementation error
0
