#Title, #runnumber: 16 petrale15.dat petrale15.ctl 782.658 32750.3 6044.25 StartTime: Fri Apr 13 15:45:40 2018
SSv3_default_rebuild.dat
# Number of sexes
2
# Age range to consider (minimum age; maximum age)
0 40
# Number of fleets
4
# First year of projection (Yinit)
2015
# First Year of rebuilding period (Ydecl)
2013
# Number of simulations
1000
# Maximum number of years
500
# Conduct projections with multiple starting values (0=No;else yes)
0
# Number of parameter vectors
1000
# Is the maximum age a plus-group (1=Yes;2=No)
1
# Generate future recruitments using historical recruitments (1)  historical recruits/spawner (2)  or a stock-recruitment (3)
3
# Constant fishing mortality (1) or constant Catch (2) projections
1
# Fishing mortality based on SPR (1) or actual rate (2)
1
# Pre-specify the year of recovery (or -1) to ignore
-1
# Fecundity-at-age
# 0 1 2 3 4 5 6 7 8 9 10 11 12 13 14 15 16 17 18 19 20 21 22 23 24 25 26 27 28 29 30 31 32 33 34 35 36 37 38 39 40 #runnumber: 16 petrale15.dat petrale15.ctl 782.658 32750.3 6044.25
 0 0 0 0.000182498 0.0162078 0.140808 0.385974 0.643034 0.871346 1.07839 1.27158 1.45222 1.6194 1.77225 1.91045 2.03423 2.14424 2.24137 2.32826 2.40426 2.47048 2.52798 2.57778 2.62081 2.65792 2.68987 2.71733 2.74092 2.76116 2.77851 2.79337 2.80609 2.81698 2.82628 2.83424 2.84104 2.84685 2.85182 2.85605 2.85967 2.86479 #female fecundity; weighted by N in year Y_init across morphs and areas
# Age specific selectivity and weight adjusted for discard and discard mortality
 #wt and selex for gender,fleet: 1 1
 0.00192734 0.01331 0.0487546 0.130951 0.255614 0.413859 0.594949 0.788447 0.98546 1.17906 1.36428 1.53781 1.69774 1.84321 1.97413 2.09091 2.19435 2.28625 2.36756 2.43853 2.50025 2.55378 2.60009 2.64005 2.67449 2.70412 2.72958 2.75143 2.77017 2.78623 2.79998 2.81175 2.82181 2.83042 2.83778 2.84406 2.84943 2.85402 2.85794 2.86128 2.866
 0 0.682866 0.979518 0.999683 0.999996 1 1 1 1 1 1 1 1 1 1 1 1 1 1 1 1 1 1 1 1 1 1 1 1 1 1 1 1 1 1 1 1 1 1 1 1
 #wt and selex for gender,fleet: 1 2
 0.00192734 0.0148296 0.0682276 0.178795 0.330779 0.507972 0.697349 0.889691 1.07871 1.26026 1.43176 1.59179 1.73965 1.87506 1.99801 2.10875 2.20771 2.29672 2.37622 2.44582 2.50651 2.55924 2.60493 2.64441 2.67847 2.7078 2.73302 2.75467 2.77325 2.78918 2.80282 2.81449 2.82449 2.83303 2.84033 2.84658 2.85191 2.85647 2.86036 2.86368 2.86837
 0 0.000717521 0.00484982 0.0264077 0.0837105 0.18432 0.31714 0.460811 0.59555 0.709273 0.79788 0.8628 0.908199 0.938892 0.959187 0.972448 0.981084 0.986359 0.989574 0.991777 0.993323 0.994433 0.995246 0.995854 0.996317 0.996674 0.996953 0.997175 0.997352 0.997495 0.997611 0.997706 0.997785 0.99785 0.997904 0.997949 0.997987 0.998019 0.998046 0.998068 0.998099
 #wt and selex for gender,fleet: 1 3
 0.00192734 0.0160621 0.075186 0.185148 0.324425 0.478139 0.640796 0.813812 0.99662 1.18312 1.36556 1.53818 1.69784 1.84324 1.97413 2.09092 2.19435 2.28625 2.36756 2.43853 2.50025 2.55378 2.60009 2.64005 2.67449 2.70412 2.72958 2.75143 2.77017 2.78623 2.79998 2.81175 2.82181 2.83042 2.83778 2.84406 2.84943 2.85402 2.85794 2.86128 2.866
 0 0.00075015 0.0110792 0.0898663 0.298153 0.575121 0.799714 0.9244 0.97614 0.993409 0.998336 0.999601 0.999906 0.999977 0.999994 0.999999 1 1 1 1 1 1 1 1 1 1 1 1 1 1 1 1 1 1 1 1 1 1 1 1 1
 #wt and selex for gender,fleet: 1 4
 0.00192734 0.0155204 0.0718908 0.179834 0.319677 0.476425 0.642449 0.816858 0.999117 1.18452 1.36617 1.5384 1.69792 1.84327 1.97414 2.09092 2.19435 2.28625 2.36756 2.43853 2.50025 2.55378 2.60009 2.64005 2.67449 2.70412 2.72958 2.75143 2.77017 2.78623 2.79998 2.81175 2.82181 2.83042 2.83778 2.84406 2.84943 2.85402 2.85794 2.86128 2.866
 0 0.0014695 0.0154289 0.100443 0.302025 0.563087 0.78126 0.910738 0.96927 0.990709 0.997431 0.999325 0.999825 0.999954 0.999987 0.999996 0.999999 1 1 1 1 1 1 1 1 1 1 1 1 1 1 1 1 1 1 1 1 1 1 1 1
 #wt and selex for gender,fleet: 2 1
 0.00254045 0.0197956 0.0675894 0.146094 0.244794 0.353403 0.463428 0.568884 0.666093 0.753189 0.829578 0.895514 0.951687 0.999101 1.03888 1.07196 1.09926 1.12184 1.14055 1.15595 1.16858 1.17891 1.18734 1.19422 1.19982 1.20438 1.20809 1.2111 1.21355 1.21554 1.21716 1.21848 1.21955 1.22042 1.22112 1.22169 1.22216 1.22254 1.22284 1.22309 1.22339
 0 0.954482 0.999996 1 1 1 1 1 1 1 1 1 1 1 1 1 1 1 1 1 1 1 1 1 1 1 1 1 1 1 1 1 1 1 1 1 1 1 1 1 1
 #wt and selex for gender,fleet: 2 2
 0.00254045 0.0320761 0.105948 0.199308 0.299531 0.400145 0.497795 0.590391 0.676966 0.7574 0.830898 0.895861 0.95176 0.999113 1.03888 1.07196 1.09926 1.12184 1.14055 1.15595 1.16858 1.17891 1.18734 1.19422 1.19982 1.20438 1.20809 1.2111 1.21355 1.21554 1.21716 1.21848 1.21955 1.22042 1.22112 1.22169 1.22216 1.22254 1.22284 1.22309 1.22339
 0 2.8435e-007 0.000187175 0.00787124 0.0694196 0.247594 0.51094 0.752609 0.904128 0.971072 0.992761 0.998478 0.999736 0.999961 0.999995 0.999999 1 1 1 1 1 1 1 1 1 1 1 1 1 1 1 1 1 1 1 1 1 1 1 1 1
 #wt and selex for gender,fleet: 2 3
 0.00254045 0.0446421 0.104897 0.162401 0.246141 0.353417 0.463428 0.568884 0.666093 0.753189 0.829578 0.895514 0.951687 0.999101 1.03888 1.07196 1.09926 1.12184 1.14055 1.15595 1.16858 1.17891 1.18734 1.19422 1.19982 1.20438 1.20809 1.2111 1.21355 1.21554 1.21716 1.21848 1.21955 1.22042 1.22112 1.22169 1.22216 1.22254 1.22284 1.22309 1.22339
 0 4.72118e-006 0.053592 0.691687 0.987811 0.999929 1 1 1 1 1 1 1 1 1 1 1 1 1 1 1 1 1 1 1 1 1 1 1 1 1 1 1 1 1 1 1 1 1 1 1
 #wt and selex for gender,fleet: 2 4
 0.00254045 0.0302178 0.0931365 0.169902 0.254944 0.354694 0.463469 0.568884 0.666093 0.753189 0.829578 0.895514 0.951687 0.999101 1.03888 1.07196 1.09926 1.12184 1.14055 1.15595 1.16858 1.17891 1.18734 1.19422 1.19982 1.20438 1.20809 1.2111 1.21355 1.21554 1.21716 1.21848 1.21955 1.22042 1.22112 1.22169 1.22216 1.22254 1.22284 1.22309 1.22339
 0 0.00025987 0.0417188 0.392278 0.855921 0.990273 0.999814 0.999999 1 1 1 1 1 1 1 1 1 1 1 1 1 1 1 1 1 1 1 1 1 1 1 1 1 1 1 1 1 1 1 1 1
# M and current age-structure in year Yinit: 2015
 # gender = 1
 0.153761 0.153761 0.153761 0.153761 0.153761 0.153761 0.153761 0.153761 0.153761 0.153761 0.153761 0.153761 0.153761 0.153761 0.153761 0.153761 0.153761 0.153761 0.153761 0.153761 0.153761 0.153761 0.153761 0.153761 0.153761 0.153761 0.153761 0.153761 0.153761 0.153761 0.153761 0.153761 0.153761 0.153761 0.153761 0.153761 0.153761 0.153761 0.153761 0.153761 0.153761
 7240.06 6231.79 4875.99 3768.97 2716.04 2407.28 2071.46 1194.52 1168.85 868.133 641.415 309.352 204.412 138.891 78.5588 26.6178 26.4407 11.1274 2.4803 1.13009 0.407827 0.222745 0.0797921 0.0173435 0.016186 0.0052966 0.00255755 0.000604622 0.000146948 3.38968e-005 1.8374e-005 8.50226e-006 2.02554e-006 7.66816e-007 3.42924e-007 1.86559e-007 8.07913e-008 4.05074e-008 2.79404e-008 1.33769e-008 1.02234e-008
 # gender = 2
 0.164337 0.164337 0.164337 0.164337 0.164337 0.164337 0.164337 0.164337 0.164337 0.164337 0.164337 0.164337 0.164337 0.164337 0.164337 0.164337 0.164337 0.164337 0.164337 0.164337 0.164337 0.164337 0.164337 0.164337 0.164337 0.164337 0.164337 0.164337 0.164337 0.164337 0.164337 0.164337 0.164337 0.164337 0.164337 0.164337 0.164337 0.164337 0.164337 0.164337 0.164337
 7240.06 6166.23 4656.72 3640.02 2542.41 2196.9 1814.9 961.408 860.953 602.036 409.883 169.473 92.1056 52.7502 26.0014 7.92556 7.20146 2.74207 0.536644 0.219054 0.0763222 0.0423359 0.0153902 0.00322808 0.00271373 0.000840091 0.000372223 7.24258e-005 1.50938e-005 3.65217e-006 2.41994e-006 1.34708e-006 3.7492e-007 1.58734e-007 8.33221e-008 4.98564e-008 2.08499e-008 1.00469e-008 7.05115e-009 3.41576e-009 2.71325e-009
# Age-structure at Ydeclare= 2013
 7063.48 5620.79 4098.9 3739.59 3385.63 2087.92 2199.4 1750.84 1368.69 687.386 466.32 321.954 183.812 62.6168 62.3941 26.3063 5.86985 2.67605 0.966097 0.527793 0.189102 0.0411083 0.0383684 0.0125564 0.00606338 0.00143349 0.000348409 8.03704e-005 4.35662e-005 2.01599e-005 4.80288e-006 1.81827e-006 8.13145e-007 4.42375e-007 1.91576e-007 9.60537e-008 6.62542e-008 3.17204e-008 1.20857e-008 5.88555e-009 6.27138e-009
 7063.48 5561.66 4013.82 3626.3 3245.97 1942.42 1930.09 1424.87 987.745 410.127 223.093 127.792 62.9926 19.201 17.4468 6.64314 1.30011 0.530695 0.184904 0.102566 0.0372853 0.00782057 0.00657448 0.00203526 0.000901774 0.000175464 3.65673e-005 8.84802e-006 5.86271e-006 3.26353e-006 9.08308e-007 3.8456e-007 2.01862e-007 1.20786e-007 5.05126e-008 2.43403e-008 1.70826e-008 8.27526e-009 3.18599e-009 1.58101e-009 1.80632e-009
# Year for Tmin Age-structure (set to Ydecl by SS)
2013
#  recruitment and biomass
# Number of historical assessment years
141
# Historical data
# year recruitment spawner in B0 in R project in R/S project
1875  1876 1877 1878 1879 1880 1881 1882 1883 1884 1885 1886 1887 1888 1889 1890 1891 1892 1893 1894 1895 1896 1897 1898 1899 1900 1901 1902 1903 1904 1905 1906 1907 1908 1909 1910 1911 1912 1913 1914 1915 1916 1917 1918 1919 1920 1921 1922 1923 1924 1925 1926 1927 1928 1929 1930 1931 1932 1933 1934 1935 1936 1937 1938 1939 1940 1941 1942 1943 1944 1945 1946 1947 1948 1949 1950 1951 1952 1953 1954 1955 1956 1957 1958 1959 1960 1961 1962 1963 1964 1965 1966 1967 1968 1969 1970 1971 1972 1973 1974 1975 1976 1977 1978 1979 1980 1981 1982 1983 1984 1985 1986 1987 1988 1989 1990 1991 1992 1993 1994 1995 1996 1997 1998 1999 2000 2001 2002 2003 2004 2005 2006 2007 2008 2009 2010 2011 2012 2013 2014 2015 #years (with first value representing R0)
16718.6 16718.7 16718.7 16718.7 16718.7 16718.7 16718.6 16718.4 16718.1 16717.7 16717.2 16716.6 16716 16715.3 16714.5 16713.7 16712.9 16712 16711.1 16710.1 16709.2 16708.2 16707.2 16706.2 16705.3 16704.3 16703.3 16702.4 16701.5 16700.6 16699.8 16699 16698.3 16697.6 16697 16696.5 16696.1 16695.8 16695.7 16695.7 16695.8 16696.1 16696.6 16695.7 16696.4 16698.6 16702.4 16705.6 16707.2 16708.8 16709 16709.1 16709.1 16707.2 16705.3 16702.2 16701.8 16706.8 16723.5 16767 16850 17018.8 17318.7 17756.1 18249.2 18453.7 17972.5 16885.9 15696.3 15252.3 15839.7 16471 15317.4 13540.6 12012.2 11054.6 10701.6 10996.1 12003.4 13216.1 14566.3 15942.8 16310.2 16437.6 15786.5 22020.8 21211.2 12569 12029.1 16073.7 15694.1 34119 15713.5 16281.9 14367.1 15124.2 14779.5 11160.1 9461.45 11845.8 11981.8 15096.2 15076 10628.9 10572.7 12282.9 10950.1 10898.5 11507.3 17798.2 12922.7 7444.9 9647.61 12329.2 17040.5 12099.4 13179.2 5326.24 9940.08 11291.4 8390.4 9481.3 8658.16 16682.6 17668.1 8251.39 11845.8 10858.9 9035.13 8520.34 11985.6 11669.9 11729.8 9208.66 12603.5 11877.2 11151.4 13110.1 14127 14535.2 14480.1  #recruits; first value is R0 (virgin)
32750.3  32750.3 32749.7 32749.1 32748.5 32748 32741 32727.6 32708.5 32683.8 32654.2 32620 32581.6 32539.7 32494.4 32446.2 32395.4 32342.3 32287.1 32230.2 32171.6 32111.7 32050.4 31988 31924.7 31860.6 31795.8 31730.3 31664.2 31597.7 31530.7 31463.3 31395.5 31327.5 31259.2 31190.6 31121.9 31053 30983.9 30914.7 30845.5 30776.1 30709.8 30562.6 30489 30479.6 30539.7 30561.7 30502.9 30445.3 30325.7 30215.5 30117.4 29959 29819.1 29636.3 29496.7 29361.2 29159.8 28957.6 28300 27693.5 27311.2 26619.4 25822.7 24796.4 23926.6 23314 22257.7 21269.2 20842.3 20597.8 19589.9 18935 17395.2 15910.8 14337.1 13771.7 13339 13066.4 12343.4 11702.4 11192.5 10321.3 9586.9 9233.28 8817.59 8231.28 7825.42 7413.14 7481.32 7796.15 7986.76 7880.54 7839.57 7922.09 8057.17 8293.03 8084.59 7941.79 7176.85 6390.34 5881.25 5545.91 4757.05 3964.81 3625.83 3463.06 3227.44 3033.9 3070.47 3118.28 2966.75 2569.93 2375.24 2257.39 2118.14 1715.87 1545.23 1641.51 2030.36 2388.95 2479.18 2335.09 2401.24 2598.58 2624.31 2612.17 2772.4 3409.45 3847.65 3704.68 3777.54 3666.14 3589.25 3473.01 4241.13 5177.07 5922.87 6186.97 6044.25 #spbio; first value is SPB_virgin (virgin)
1 0 0 0 0 0 0 0 0 0 0 0 0 0 0 0 0 0 0 0 0 0 0 0 0 0 0 0 0 0 0 0 0 0 0 0 0 0 0 0 0 0 0 0 0 0 0 0 0 0 0 0 0 0 0 0 0 0 0 0 0 0 0 0 0 0 0 0 0 0 0 0 0 0 0 0 0 0 0 0 0 0 0 0 0 0 0 0 0 0 0 0 0 0 0 0 0 0 0 0 0 0 0 0 0 0 0 0 0 0 0 0 0 0 0 0 0 0 0 0 0 0 0 0 0 0 0 0 0 0 0 0 0 0 0 0 0 0 0 0 0  # in Bzero
0 1 1 1 1 1 1 1 1 1 1 1 1 1 1 1 1 1 1 1 1 1 1 1 1 1 1 1 1 1 1 1 1 1 1 1 1 1 1 1 1 1 1 1 1 1 1 1 1 1 1 1 1 1 1 1 1 1 1 1 1 1 1 1 1 1 1 1 1 1 1 1 1 1 1 1 1 1 1 1 1 1 1 1 1 1 1 1 1 1 1 1 1 1 1 1 1 1 1 1 1 1 1 1 1 1 1 1 1 1 1 1 1 1 1 1 1 1 1 1 1 1 1 1 1 1 1 1 1 1 1 1 1 1 1 1 1 1  0 0 0 # in R project
0 1 1 1 1 1 1 1 1 1 1 1 1 1 1 1 1 1 1 1 1 1 1 1 1 1 1 1 1 1 1 1 1 1 1 1 1 1 1 1 1 1 1 1 1 1 1 1 1 1 1 1 1 1 1 1 1 1 1 1 1 1 1 1 1 1 1 1 1 1 1 1 1 1 1 1 1 1 1 1 1 1 1 1 1 1 1 1 1 1 1 1 1 1 1 1 1 1 1 1 1 1 1 1 1 1 1 1 1 1 1 1 1 1 1 1 1 1 1 1 1 1 1 1 1 1 1 1 1 1 1 1 1 1 1 1 1 1  0 0 0 # in R/S project
# Number of years with pre-specified catches
0
# catches for years with pre-specified catches go next
# Number of future recruitments to override
2
# Process for overiding (-1 for average otherwise index in data list)
2014 1 2014
2015 1 2015
# Which probability to product detailed results for (1=0.5; 2=0.6; etc.)
3
# Steepness sigma-R Auto-correlation
0.877227 0.4 0
# Target SPR rate (FMSY Proxy); manually change to SPR_MSY if not using SPR_target
0.3
# Discount rate (for cumulative catch)
0.1
# Truncate the series when 0.4B0 is reached (1=Yes)
0
# Set F to FMSY once 0.4B0 is reached (1=Yes)
0
# Maximum possible F for projection (-1 to set to FMSY)
-1
# Defintion of recovery (1=now only;2=now or before)
2
# Projection type
4
# Definition of the 40-10 rule
10 40
# Calculate coefficients of variation (1=Yes)
0
# Number of replicates to use
10
# Random number seed
-99004
# File with multiple parameter vectors 
rebuild.SSO
# User-specific projection (1=Yes); Output replaced (1->9)
0  5
# Catches and Fs (Year; 1/2/3 (F or C or SPR); value); Final row is -1
2015 1 1
-1 -1 -1
# Fixed catch project (1=Yes); Output replaced (1->9); Approach (-1=Read in else 1-9)
0 2 -1
# Split of Fs
2015  0.429822 0.331476 0.102784 0.135918
-1  1 1 1 1
# Yrs to define T_target for projection type 4 (a.k.a. 5 pre-specified inputs)
2020 2021 2022 2023 2024 
# Year for probability of recovery
2024 2025 2026 2027 2028 2029 2030 2031
# Time varying weight-at-age (1=Yes;0=No)
0
# File with time series of weight-at-age data
none
# Use bisection (0) or linear interpolation (1)
1
# Target Depletion
0.4
# CV of implementation error
0
